sampleDate,sampleTime,Temperature
6/8/2015,11:41:00 AM,7.217
6/8/2015,12:11:00 PM,7.318
6/8/2015,12:41:00 PM,7.77
6/8/2015,1:11:00 PM,8.045
6/8/2015,1:41:00 PM,8.344
6/8/2015,2:11:00 PM,8.817
6/8/2015,2:41:00 PM,9.188
6/8/2015,3:11:00 PM,9.213
6/8/2015,3:41:00 PM,9.386
6/8/2015,4:11:00 PM,9.509
6/8/2015,4:41:00 PM,9.583
6/8/2015,5:11:00 PM,9.608
6/8/2015,5:41:00 PM,9.657
6/8/2015,6:11:00 PM,9.632
6/8/2015,6:41:00 PM,9.632
6/8/2015,7:11:00 PM,9.608
6/8/2015,7:41:00 PM,9.485
6/8/2015,8:11:00 PM,9.435
6/8/2015,8:41:00 PM,9.336
6/8/2015,9:11:00 PM,9.213
6/8/2015,9:41:00 PM,9.089
6/8/2015,10:11:00 PM,8.965
6/8/2015,10:41:00 PM,8.841
6/8/2015,11:11:00 PM,8.717
6/8/2015,11:41:00 PM,8.593
6/9/2015,12:11:00 AM,8.469
6/9/2015,12:41:00 AM,8.319
6/9/2015,1:11:00 AM,8.145
6/9/2015,1:41:00 AM,7.995
6/9/2015,2:11:00 AM,7.82
6/9/2015,2:41:00 AM,7.67
6/9/2015,3:11:00 AM,7.494
6/9/2015,3:41:00 AM,7.343
6/9/2015,4:11:00 AM,7.217
6/9/2015,4:41:00 AM,7.066
6/9/2015,5:11:00 AM,6.965
6/9/2015,5:41:00 AM,6.839
6/9/2015,6:11:00 AM,6.737
6/9/2015,6:41:00 AM,6.687
6/9/2015,7:11:00 AM,6.636
6/9/2015,7:41:00 AM,6.636
6/9/2015,8:11:00 AM,6.585
6/9/2015,8:41:00 AM,6.611
6/9/2015,9:11:00 AM,6.611
6/9/2015,9:41:00 AM,6.687
6/9/2015,10:11:00 AM,6.763
6/9/2015,10:41:00 AM,6.965
6/9/2015,11:11:00 AM,6.99
6/9/2015,11:41:00 AM,7.066
6/9/2015,12:11:00 PM,7.142
6/9/2015,12:41:00 PM,7.242
6/9/2015,1:11:00 PM,7.393
6/9/2015,1:41:00 PM,7.594
6/9/2015,2:11:00 PM,7.795
6/9/2015,2:41:00 PM,7.87
6/9/2015,3:11:00 PM,7.895
6/9/2015,3:41:00 PM,7.92
6/9/2015,4:11:00 PM,8.045
6/9/2015,4:41:00 PM,8.195
6/9/2015,5:11:00 PM,8.344
6/9/2015,5:41:00 PM,8.344
6/9/2015,6:11:00 PM,8.494
6/9/2015,6:41:00 PM,8.494
6/9/2015,7:11:00 PM,8.543
6/9/2015,7:41:00 PM,8.519
6/9/2015,8:11:00 PM,8.568
6/9/2015,8:41:00 PM,8.543
6/9/2015,9:11:00 PM,8.519
6/9/2015,9:41:00 PM,8.444
6/9/2015,10:11:00 PM,8.394
6/9/2015,10:41:00 PM,8.295
6/9/2015,11:11:00 PM,8.22
6/9/2015,11:41:00 PM,8.12
6/10/2015,12:11:00 AM,8.045
6/10/2015,12:41:00 AM,7.97
6/10/2015,1:11:00 AM,7.895
6/10/2015,1:41:00 AM,7.82
6/10/2015,2:11:00 AM,7.745
6/10/2015,2:41:00 AM,7.645
6/10/2015,3:11:00 AM,7.569
6/10/2015,3:41:00 AM,7.469
6/10/2015,4:11:00 AM,7.368
6/10/2015,4:41:00 AM,7.268
6/10/2015,5:11:00 AM,7.167
6/10/2015,5:41:00 AM,7.091
6/10/2015,6:11:00 AM,6.99
6/10/2015,6:41:00 AM,6.914
6/10/2015,7:11:00 AM,6.864
6/10/2015,7:41:00 AM,6.839
6/10/2015,8:11:00 AM,6.864
6/10/2015,8:41:00 AM,6.864
6/10/2015,9:11:00 AM,6.965
6/10/2015,9:41:00 AM,7.041
6/10/2015,10:11:00 AM,7.343
6/10/2015,10:41:00 AM,7.544
6/10/2015,11:11:00 AM,7.594
6/10/2015,11:41:00 AM,7.67
6/10/2015,12:11:00 PM,7.82
6/10/2015,12:41:00 PM,8.419
6/10/2015,1:11:00 PM,8.295
6/10/2015,1:41:00 PM,8.568
6/10/2015,2:11:00 PM,8.668
6/10/2015,2:41:00 PM,8.941
6/10/2015,3:11:00 PM,9.657
6/10/2015,3:41:00 PM,10.271
6/10/2015,4:11:00 PM,10.638
6/10/2015,4:41:00 PM,11.175
6/10/2015,5:11:00 PM,11.589
6/10/2015,5:41:00 PM,11.516
6/10/2015,6:11:00 PM,11.419
6/10/2015,6:41:00 PM,11.297
6/10/2015,7:11:00 PM,11.175
6/10/2015,7:41:00 PM,10.98
6/10/2015,8:11:00 PM,10.687
6/10/2015,8:41:00 PM,10.345
6/10/2015,9:11:00 PM,10.124
6/10/2015,9:41:00 PM,9.903
6/10/2015,10:11:00 PM,9.682
6/10/2015,10:41:00 PM,9.485
6/10/2015,11:11:00 PM,9.287
6/10/2015,11:41:00 PM,9.064
6/11/2015,12:11:00 AM,8.817
6/11/2015,12:41:00 AM,8.568
6/11/2015,1:11:00 AM,8.344
6/11/2015,1:41:00 AM,8.145
6/11/2015,2:11:00 AM,7.995
6/11/2015,2:41:00 AM,7.895
6/11/2015,3:11:00 AM,7.82
6/11/2015,3:41:00 AM,7.795
6/11/2015,4:11:00 AM,7.745
6/11/2015,4:41:00 AM,7.67
6/11/2015,5:11:00 AM,7.594
6/11/2015,5:41:00 AM,7.494
6/11/2015,6:11:00 AM,7.393
6/11/2015,6:41:00 AM,7.368
6/11/2015,7:11:00 AM,7.393
6/11/2015,7:41:00 AM,7.469
6/11/2015,8:11:00 AM,7.594
6/11/2015,8:41:00 AM,7.72
6/11/2015,9:11:00 AM,7.795
6/11/2015,9:41:00 AM,7.92
6/11/2015,10:11:00 AM,8.22
6/11/2015,10:41:00 AM,8.344
6/11/2015,11:11:00 AM,8.593
6/11/2015,11:41:00 AM,8.941
6/11/2015,12:11:00 PM,9.114
6/11/2015,12:41:00 PM,9.435
6/11/2015,1:11:00 PM,9.534
6/11/2015,1:41:00 PM,9.706
6/11/2015,2:11:00 PM,9.952
6/11/2015,2:41:00 PM,10.345
6/11/2015,3:11:00 PM,10.736
6/11/2015,3:41:00 PM,10.907
6/11/2015,4:11:00 PM,11.127
6/11/2015,4:41:00 PM,11.613
6/11/2015,5:11:00 PM,11.37
6/11/2015,5:41:00 PM,11.346
6/11/2015,6:11:00 PM,11.589
6/11/2015,6:41:00 PM,11.565
6/11/2015,7:11:00 PM,11.394
6/11/2015,7:41:00 PM,11.248
6/11/2015,8:11:00 PM,11.005
6/11/2015,8:41:00 PM,10.761
6/11/2015,9:11:00 PM,10.541
6/11/2015,9:41:00 PM,10.296
6/11/2015,10:11:00 PM,10.075
6/11/2015,10:41:00 PM,9.903
6/11/2015,11:11:00 PM,9.706
6/11/2015,11:41:00 PM,9.534
6/12/2015,12:11:00 AM,9.336
6/12/2015,12:41:00 AM,9.163
6/12/2015,1:11:00 AM,8.99
6/12/2015,1:41:00 AM,8.817
6/12/2015,2:11:00 AM,8.668
6/12/2015,2:41:00 AM,8.519
6/12/2015,3:11:00 AM,8.369
6/12/2015,3:41:00 AM,8.22
6/12/2015,4:11:00 AM,8.07
6/12/2015,4:41:00 AM,7.945
6/12/2015,5:11:00 AM,7.82
6/12/2015,5:41:00 AM,7.72
6/12/2015,6:11:00 AM,7.619
6/12/2015,6:41:00 AM,7.544
6/12/2015,7:11:00 AM,7.519
6/12/2015,7:41:00 AM,7.519
6/12/2015,8:11:00 AM,7.594
6/12/2015,8:41:00 AM,7.72
6/12/2015,9:11:00 AM,7.92
6/12/2015,9:41:00 AM,8.095
6/12/2015,10:11:00 AM,8.419
6/12/2015,10:41:00 AM,8.618
6/12/2015,11:11:00 AM,8.965
6/12/2015,11:41:00 AM,9.287
6/12/2015,12:11:00 PM,9.608
6/12/2015,12:41:00 PM,10.026
6/12/2015,1:11:00 PM,10.516
6/12/2015,1:41:00 PM,11.102
6/12/2015,2:11:00 PM,11.71
6/12/2015,2:41:00 PM,11.977
6/12/2015,3:11:00 PM,12.364
6/12/2015,3:41:00 PM,12.678
6/12/2015,4:11:00 PM,12.992
6/12/2015,4:41:00 PM,13.57
6/12/2015,5:11:00 PM,13.81
6/12/2015,5:41:00 PM,13.69
6/12/2015,6:11:00 PM,13.666
6/12/2015,6:41:00 PM,13.81
6/12/2015,7:11:00 PM,13.594
6/12/2015,7:41:00 PM,13.546
6/12/2015,8:11:00 PM,13.281
6/12/2015,8:41:00 PM,12.992
6/12/2015,9:11:00 PM,12.775
6/12/2015,9:41:00 PM,12.509
6/12/2015,10:11:00 PM,12.243
6/12/2015,10:41:00 PM,12.001
6/12/2015,11:11:00 PM,11.759
6/12/2015,11:41:00 PM,11.516
6/13/2015,12:11:00 AM,11.273
6/13/2015,12:41:00 AM,11.029
6/13/2015,1:11:00 AM,10.785
6/13/2015,1:41:00 AM,10.516
6/13/2015,2:11:00 AM,10.247
6/13/2015,2:41:00 AM,9.977
6/13/2015,3:11:00 AM,9.731
6/13/2015,3:41:00 AM,9.46
6/13/2015,4:11:00 AM,9.238
6/13/2015,4:41:00 AM,9.015
6/13/2015,5:11:00 AM,8.817
6/13/2015,5:41:00 AM,8.643
6/13/2015,6:11:00 AM,8.519
6/13/2015,6:41:00 AM,8.419
6/13/2015,7:11:00 AM,8.344
6/13/2015,7:41:00 AM,8.369
6/13/2015,8:11:00 AM,8.394
6/13/2015,8:41:00 AM,8.543
6/13/2015,9:11:00 AM,8.717
6/13/2015,9:41:00 AM,8.965
6/13/2015,10:11:00 AM,9.188
6/13/2015,10:41:00 AM,9.509
6/13/2015,11:11:00 AM,9.879
6/13/2015,11:41:00 AM,10.247
6/13/2015,12:11:00 PM,10.59
6/13/2015,12:41:00 PM,11.005
6/13/2015,1:11:00 PM,11.565
6/13/2015,1:41:00 PM,12.219
6/13/2015,2:11:00 PM,12.896
6/13/2015,2:41:00 PM,13.185
6/13/2015,3:11:00 PM,13.522
6/13/2015,3:41:00 PM,13.93
6/13/2015,4:11:00 PM,14.29
6/13/2015,4:41:00 PM,14.768
6/13/2015,5:11:00 PM,15.055
6/13/2015,5:41:00 PM,15.103
6/13/2015,6:11:00 PM,15.127
6/13/2015,6:41:00 PM,15.127
6/13/2015,7:11:00 PM,15.103
6/13/2015,7:41:00 PM,14.888
6/13/2015,8:11:00 PM,14.625
6/13/2015,8:41:00 PM,14.266
6/13/2015,9:11:00 PM,14.002
6/13/2015,9:41:00 PM,13.714
6/13/2015,10:11:00 PM,13.425
6/13/2015,10:41:00 PM,13.161
6/13/2015,11:11:00 PM,12.92
6/13/2015,11:41:00 PM,12.654
6/14/2015,12:11:00 AM,12.413
6/14/2015,12:41:00 AM,12.171
6/14/2015,1:11:00 AM,11.904
6/14/2015,1:41:00 AM,11.637
6/14/2015,2:11:00 AM,11.37
6/14/2015,2:41:00 AM,11.127
6/14/2015,3:11:00 AM,10.883
6/14/2015,3:41:00 AM,10.663
6/14/2015,4:11:00 AM,10.443
6/14/2015,4:41:00 AM,10.222
6/14/2015,5:11:00 AM,10.001
6/14/2015,5:41:00 AM,9.805
6/14/2015,6:11:00 AM,9.632
6/14/2015,6:41:00 AM,9.509
6/14/2015,7:11:00 AM,9.435
6/14/2015,7:41:00 AM,9.386
6/14/2015,8:11:00 AM,9.435
6/14/2015,8:41:00 AM,9.583
6/14/2015,9:11:00 AM,9.805
6/14/2015,9:41:00 AM,10.075
6/14/2015,10:11:00 AM,10.369
6/14/2015,10:41:00 AM,10.687
6/14/2015,11:11:00 AM,11.078
6/14/2015,11:41:00 AM,11.419
6/14/2015,12:11:00 PM,11.807
6/14/2015,12:41:00 PM,12.219
6/14/2015,1:11:00 PM,12.727
6/14/2015,1:41:00 PM,13.185
6/14/2015,2:11:00 PM,13.738
6/14/2015,2:41:00 PM,14.194
6/14/2015,3:11:00 PM,14.481
6/14/2015,3:41:00 PM,14.936
6/14/2015,4:11:00 PM,15.247
6/14/2015,4:41:00 PM,15.724
6/14/2015,5:11:00 PM,15.963
6/14/2015,5:41:00 PM,15.939
6/14/2015,6:11:00 PM,15.986
6/14/2015,6:41:00 PM,15.986
6/14/2015,7:11:00 PM,15.939
6/14/2015,7:41:00 PM,15.819
6/14/2015,8:11:00 PM,15.557
6/14/2015,8:41:00 PM,15.27
6/14/2015,9:11:00 PM,15.103
6/14/2015,9:41:00 PM,14.864
6/14/2015,10:11:00 PM,14.601
6/14/2015,10:41:00 PM,14.337
6/14/2015,11:11:00 PM,14.098
6/14/2015,11:41:00 PM,13.858
6/15/2015,12:11:00 AM,13.594
6/15/2015,12:41:00 AM,13.329
6/15/2015,1:11:00 AM,13.04
6/15/2015,1:41:00 AM,12.775
6/15/2015,2:11:00 AM,12.509
6/15/2015,2:41:00 AM,12.243
6/15/2015,3:11:00 AM,12.001
6/15/2015,3:41:00 AM,11.759
6/15/2015,4:11:00 AM,11.516
6/15/2015,4:41:00 AM,11.297
6/15/2015,5:11:00 AM,11.053
6/15/2015,5:41:00 AM,10.858
6/15/2015,6:11:00 AM,10.663
6/15/2015,6:41:00 AM,10.541
6/15/2015,7:11:00 AM,10.443
6/15/2015,7:41:00 AM,10.394
6/15/2015,8:11:00 AM,10.443
6/15/2015,8:41:00 AM,10.59
6/15/2015,9:11:00 AM,10.785
6/15/2015,9:41:00 AM,11.053
6/15/2015,10:11:00 AM,11.37
6/15/2015,10:41:00 AM,11.686
6/15/2015,11:11:00 AM,12.05
6/15/2015,11:41:00 AM,12.437
6/15/2015,12:11:00 PM,12.799
6/15/2015,12:41:00 PM,13.233
6/15/2015,1:11:00 PM,13.762
6/15/2015,1:41:00 PM,14.361
6/15/2015,2:11:00 PM,14.96
6/15/2015,2:41:00 PM,15.366
6/15/2015,3:11:00 PM,15.7
6/15/2015,3:41:00 PM,16.106
6/15/2015,4:11:00 PM,16.415
6/15/2015,4:41:00 PM,16.82
6/15/2015,5:11:00 PM,17.082
6/15/2015,5:41:00 PM,17.13
6/15/2015,6:11:00 PM,17.177
6/15/2015,6:41:00 PM,17.177
6/15/2015,7:11:00 PM,17.106
6/15/2015,7:41:00 PM,17.011
6/15/2015,8:11:00 PM,16.773
6/15/2015,8:41:00 PM,16.487
6/15/2015,9:11:00 PM,16.249
6/15/2015,9:41:00 PM,15.939
6/15/2015,10:11:00 PM,15.629
6/15/2015,10:41:00 PM,15.342
6/15/2015,11:11:00 PM,15.055
6/15/2015,11:41:00 PM,14.792
6/16/2015,12:11:00 AM,14.505
6/16/2015,12:41:00 AM,14.242
6/16/2015,1:11:00 AM,13.954
6/16/2015,1:41:00 AM,13.69
6/16/2015,2:11:00 AM,13.425
6/16/2015,2:41:00 AM,13.161
6/16/2015,3:11:00 AM,12.92
6/16/2015,3:41:00 AM,12.678
6/16/2015,4:11:00 AM,12.461
6/16/2015,4:41:00 AM,12.243
6/16/2015,5:11:00 AM,12.025
6/16/2015,5:41:00 AM,11.832
6/16/2015,6:11:00 AM,11.637
6/16/2015,6:41:00 AM,11.516
6/16/2015,7:11:00 AM,11.443
6/16/2015,7:41:00 AM,11.419
6/16/2015,8:11:00 AM,11.467
6/16/2015,8:41:00 AM,11.589
6/16/2015,9:11:00 AM,11.807
6/16/2015,9:41:00 AM,12.05
6/16/2015,10:11:00 AM,12.34
6/16/2015,10:41:00 AM,12.63
6/16/2015,11:11:00 AM,12.968
6/16/2015,11:41:00 AM,13.329
6/16/2015,12:11:00 PM,13.594
6/16/2015,12:41:00 PM,13.762
6/16/2015,1:11:00 PM,14.146
6/16/2015,1:41:00 PM,14.433
6/16/2015,2:11:00 PM,14.888
6/16/2015,2:41:00 PM,15.366
6/16/2015,3:11:00 PM,15.724
6/16/2015,3:41:00 PM,16.201
6/16/2015,4:11:00 PM,16.582
6/16/2015,4:41:00 PM,16.987
6/16/2015,5:11:00 PM,17.272
6/16/2015,5:41:00 PM,17.368
6/16/2015,6:11:00 PM,17.439
6/16/2015,6:41:00 PM,17.439
6/16/2015,7:11:00 PM,17.415
6/16/2015,7:41:00 PM,17.296
6/16/2015,8:11:00 PM,17.058
6/16/2015,8:41:00 PM,16.773
6/16/2015,9:11:00 PM,16.534
6/16/2015,9:41:00 PM,16.296
6/16/2015,10:11:00 PM,16.01
6/16/2015,10:41:00 PM,15.748
6/16/2015,11:11:00 PM,15.461
6/16/2015,11:41:00 PM,15.199
6/17/2015,12:11:00 AM,14.936
6/17/2015,12:41:00 AM,14.673
6/17/2015,1:11:00 AM,14.409
6/17/2015,1:41:00 AM,14.17
6/17/2015,2:11:00 AM,13.906
6/17/2015,2:41:00 AM,13.666
6/17/2015,3:11:00 AM,13.425
6/17/2015,3:41:00 AM,13.209
6/17/2015,4:11:00 AM,12.992
6/17/2015,4:41:00 AM,12.799
6/17/2015,5:11:00 AM,12.606
6/17/2015,5:41:00 AM,12.413
6/17/2015,6:11:00 AM,12.243
6/17/2015,6:41:00 AM,12.098
6/17/2015,7:11:00 AM,12.001
6/17/2015,7:41:00 AM,11.953
6/17/2015,8:11:00 AM,11.977
6/17/2015,8:41:00 AM,12.074
6/17/2015,9:11:00 AM,12.243
6/17/2015,9:41:00 AM,12.437
6/17/2015,10:11:00 AM,12.678
6/17/2015,10:41:00 AM,12.968
6/17/2015,11:11:00 AM,13.281
6/17/2015,11:41:00 AM,13.618
6/17/2015,12:11:00 PM,13.954
6/17/2015,12:41:00 PM,14.337
6/17/2015,1:11:00 PM,14.792
6/17/2015,1:41:00 PM,15.294
6/17/2015,2:11:00 PM,15.772
6/17/2015,2:41:00 PM,16.177
6/17/2015,3:11:00 PM,16.487
6/17/2015,3:41:00 PM,16.844
6/17/2015,4:11:00 PM,17.106
6/17/2015,4:41:00 PM,17.391
6/17/2015,5:11:00 PM,17.582
6/17/2015,5:41:00 PM,17.605
6/17/2015,6:11:00 PM,17.605
6/17/2015,6:41:00 PM,17.558
6/17/2015,7:11:00 PM,17.51
6/17/2015,7:41:00 PM,17.368
6/17/2015,8:11:00 PM,17.106
6/17/2015,8:41:00 PM,16.773
6/17/2015,9:11:00 PM,16.463
6/17/2015,9:41:00 PM,16.153
6/17/2015,10:11:00 PM,15.843
6/17/2015,10:41:00 PM,15.509
6/17/2015,11:11:00 PM,15.151
6/17/2015,11:41:00 PM,14.84
6/18/2015,12:11:00 AM,14.553
6/18/2015,12:41:00 AM,14.266
6/18/2015,1:11:00 AM,13.978
6/18/2015,1:41:00 AM,13.714
6/18/2015,2:11:00 AM,13.473
6/18/2015,2:41:00 AM,13.257
6/18/2015,3:11:00 AM,13.04
6/18/2015,3:41:00 AM,12.823
6/18/2015,4:11:00 AM,12.63
6/18/2015,4:41:00 AM,12.437
6/18/2015,5:11:00 AM,12.243
6/18/2015,5:41:00 AM,12.074
6/18/2015,6:11:00 AM,11.929
6/18/2015,6:41:00 AM,11.807
6/18/2015,7:11:00 AM,11.759
6/18/2015,7:41:00 AM,11.734
6/18/2015,8:11:00 AM,11.783
6/18/2015,8:41:00 AM,11.929
6/18/2015,9:11:00 AM,12.05
6/18/2015,9:41:00 AM,12.195
6/18/2015,10:11:00 AM,12.509
6/18/2015,10:41:00 AM,12.823
6/18/2015,11:11:00 AM,13.112
6/18/2015,11:41:00 AM,13.449
6/18/2015,12:11:00 PM,13.666
6/18/2015,12:41:00 PM,14.05
6/18/2015,1:11:00 PM,14.409
6/18/2015,1:41:00 PM,14.864
6/18/2015,2:11:00 PM,15.438
6/18/2015,2:41:00 PM,15.796
6/18/2015,3:11:00 PM,16.082
6/18/2015,3:41:00 PM,16.511
6/18/2015,4:11:00 PM,16.844
6/18/2015,4:41:00 PM,17.225
6/18/2015,5:11:00 PM,17.486
6/18/2015,5:41:00 PM,17.558
6/18/2015,6:11:00 PM,17.558
6/18/2015,6:41:00 PM,17.51
6/18/2015,7:11:00 PM,17.534
6/18/2015,7:41:00 PM,17.391
6/18/2015,8:11:00 PM,17.153
6/18/2015,8:41:00 PM,16.844
6/18/2015,9:11:00 PM,16.582
6/18/2015,9:41:00 PM,16.32
6/18/2015,10:11:00 PM,16.034
6/18/2015,10:41:00 PM,15.724
6/18/2015,11:11:00 PM,15.414
6/18/2015,11:41:00 PM,15.127
6/19/2015,12:11:00 AM,14.84
6/19/2015,12:41:00 AM,14.577
6/19/2015,1:11:00 AM,14.314
6/19/2015,1:41:00 AM,14.026
6/19/2015,2:11:00 AM,13.786
6/19/2015,2:41:00 AM,13.522
6/19/2015,3:11:00 AM,13.281
6/19/2015,3:41:00 AM,13.04
6/19/2015,4:11:00 AM,12.823
6/19/2015,4:41:00 AM,12.582
6/19/2015,5:11:00 AM,12.364
6/19/2015,5:41:00 AM,12.171
6/19/2015,6:11:00 AM,12.001
6/19/2015,6:41:00 AM,11.88
6/19/2015,7:11:00 AM,11.807
6/19/2015,7:41:00 AM,11.807
6/19/2015,8:11:00 AM,11.832
6/19/2015,8:41:00 AM,11.88
6/19/2015,9:11:00 AM,12.05
6/19/2015,9:41:00 AM,12.292
6/19/2015,10:11:00 AM,12.558
6/19/2015,10:41:00 AM,12.823
6/19/2015,11:11:00 AM,13.04
6/19/2015,11:41:00 AM,13.137
6/19/2015,12:11:00 PM,13.353
6/19/2015,12:41:00 PM,13.618
6/19/2015,1:11:00 PM,13.978
6/19/2015,1:41:00 PM,14.361
6/19/2015,2:11:00 PM,14.816
6/19/2015,2:41:00 PM,15.151
6/19/2015,3:11:00 PM,15.39
6/19/2015,3:41:00 PM,15.748
6/19/2015,4:11:00 PM,15.986
6/19/2015,4:41:00 PM,16.272
6/19/2015,5:11:00 PM,16.463
6/19/2015,5:41:00 PM,16.463
6/19/2015,6:11:00 PM,16.415
6/19/2015,6:41:00 PM,16.296
6/19/2015,7:11:00 PM,16.249
6/19/2015,7:41:00 PM,16.129
6/19/2015,8:11:00 PM,15.891
6/19/2015,8:41:00 PM,15.557
6/19/2015,9:11:00 PM,15.27
6/19/2015,9:41:00 PM,14.984
6/19/2015,10:11:00 PM,14.649
6/19/2015,10:41:00 PM,14.385
6/19/2015,11:11:00 PM,14.098
6/19/2015,11:41:00 PM,13.858
6/20/2015,12:11:00 AM,13.666
6/20/2015,12:41:00 AM,13.497
6/20/2015,1:11:00 AM,13.353
6/20/2015,1:41:00 AM,13.233
6/20/2015,2:11:00 AM,13.112
6/20/2015,2:41:00 AM,12.992
6/20/2015,3:11:00 AM,12.896
6/20/2015,3:41:00 AM,12.775
6/20/2015,4:11:00 AM,12.654
6/20/2015,4:41:00 AM,12.558
6/20/2015,5:11:00 AM,12.461
6/20/2015,5:41:00 AM,12.364
6/20/2015,6:11:00 AM,12.316
6/20/2015,6:41:00 AM,12.268
6/20/2015,7:11:00 AM,12.243
6/20/2015,7:41:00 AM,12.195
6/20/2015,8:11:00 AM,12.171
6/20/2015,8:41:00 AM,12.171
6/20/2015,9:11:00 AM,12.219
6/20/2015,9:41:00 AM,12.268
6/20/2015,10:11:00 AM,12.34
6/20/2015,10:41:00 AM,12.437
6/20/2015,11:11:00 AM,12.509
6/20/2015,11:41:00 AM,12.558
6/20/2015,12:11:00 PM,12.558
6/20/2015,12:41:00 PM,12.582
6/20/2015,1:11:00 PM,12.678
6/20/2015,1:41:00 PM,12.727
6/20/2015,2:11:00 PM,12.823
6/20/2015,2:41:00 PM,12.847
6/20/2015,3:11:00 PM,12.871
6/20/2015,3:41:00 PM,12.847
6/20/2015,4:11:00 PM,12.823
6/20/2015,4:41:00 PM,12.799
6/20/2015,5:11:00 PM,12.799
6/20/2015,5:41:00 PM,12.847
6/20/2015,6:11:00 PM,12.823
6/20/2015,6:41:00 PM,12.775
6/20/2015,7:11:00 PM,12.751
6/20/2015,7:41:00 PM,12.727
6/20/2015,8:11:00 PM,12.678
6/20/2015,8:41:00 PM,12.582
6/20/2015,9:11:00 PM,12.461
6/20/2015,9:41:00 PM,12.34
6/20/2015,10:11:00 PM,12.195
6/20/2015,10:41:00 PM,12.025
6/20/2015,11:11:00 PM,11.88
6/20/2015,11:41:00 PM,11.734
6/21/2015,12:11:00 AM,11.613
6/21/2015,12:41:00 AM,11.467
6/21/2015,1:11:00 AM,11.37
6/21/2015,1:41:00 AM,11.248
6/21/2015,2:11:00 AM,11.151
6/21/2015,2:41:00 AM,11.053
6/21/2015,3:11:00 AM,10.956
6/21/2015,3:41:00 AM,10.858
6/21/2015,4:11:00 AM,10.785
6/21/2015,4:41:00 AM,10.687
6/21/2015,5:11:00 AM,10.614
6/21/2015,5:41:00 AM,10.565
6/21/2015,6:11:00 AM,10.492
6/21/2015,6:41:00 AM,10.467
6/21/2015,7:11:00 AM,10.418
6/21/2015,7:41:00 AM,10.394
6/21/2015,8:11:00 AM,10.394
6/21/2015,8:41:00 AM,10.418
6/21/2015,9:11:00 AM,10.443
6/21/2015,9:41:00 AM,10.492
6/21/2015,10:11:00 AM,10.565
6/21/2015,10:41:00 AM,10.712
6/21/2015,11:11:00 AM,10.858
6/21/2015,11:41:00 AM,10.932
6/21/2015,12:11:00 PM,10.98
6/21/2015,12:41:00 PM,11.053
6/21/2015,1:11:00 PM,11.175
6/21/2015,1:41:00 PM,11.37
6/21/2015,2:11:00 PM,11.516
6/21/2015,2:41:00 PM,11.637
6/21/2015,3:11:00 PM,11.734
6/21/2015,3:41:00 PM,11.832
6/21/2015,4:11:00 PM,11.856
6/21/2015,4:41:00 PM,11.88
6/21/2015,5:11:00 PM,11.904
6/21/2015,5:41:00 PM,11.929
6/21/2015,6:11:00 PM,11.977
6/21/2015,6:41:00 PM,12.05
6/21/2015,7:11:00 PM,12.025
6/21/2015,7:41:00 PM,11.953
6/21/2015,8:11:00 PM,11.856
6/21/2015,8:41:00 PM,11.759
6/21/2015,9:11:00 PM,11.662
6/21/2015,9:41:00 PM,11.54
6/21/2015,10:11:00 PM,11.419
6/21/2015,10:41:00 PM,11.297
6/21/2015,11:11:00 PM,11.175
6/21/2015,11:41:00 PM,11.078
6/22/2015,12:11:00 AM,10.956
6/22/2015,12:41:00 AM,10.858
6/22/2015,1:11:00 AM,10.761
6/22/2015,1:41:00 AM,10.663
6/22/2015,2:11:00 AM,10.59
6/22/2015,2:41:00 AM,10.492
6/22/2015,3:11:00 AM,10.394
6/22/2015,3:41:00 AM,10.296
6/22/2015,4:11:00 AM,10.222
6/22/2015,4:41:00 AM,10.124
6/22/2015,5:11:00 AM,10.051
6/22/2015,5:41:00 AM,9.977
6/22/2015,6:11:00 AM,9.903
6/22/2015,6:41:00 AM,9.879
6/22/2015,7:11:00 AM,9.879
6/22/2015,7:41:00 AM,10.001
6/22/2015,8:11:00 AM,10.051
6/22/2015,8:41:00 AM,10.296
6/22/2015,9:11:00 AM,10.565
6/22/2015,9:41:00 AM,10.638
6/22/2015,10:11:00 AM,11.175
6/22/2015,10:41:00 AM,11.516
6/22/2015,11:11:00 AM,11.783
6/22/2015,11:41:00 AM,12.122
6/22/2015,12:11:00 PM,12.364
6/22/2015,12:41:00 PM,12.606
6/22/2015,1:11:00 PM,12.992
6/22/2015,1:41:00 PM,13.546
6/22/2015,2:11:00 PM,14.242
6/22/2015,2:41:00 PM,14.601
6/22/2015,3:11:00 PM,14.792
6/22/2015,3:41:00 PM,15.247
6/22/2015,4:11:00 PM,15.581
6/22/2015,4:41:00 PM,16.01
6/22/2015,5:11:00 PM,16.344
6/22/2015,5:41:00 PM,16.344
6/22/2015,6:11:00 PM,16.225
6/22/2015,6:41:00 PM,16.034
6/22/2015,7:11:00 PM,16.129
6/22/2015,7:41:00 PM,15.963
6/22/2015,8:11:00 PM,15.7
6/22/2015,8:41:00 PM,15.294
6/22/2015,9:11:00 PM,14.984
6/22/2015,9:41:00 PM,14.673
6/22/2015,10:11:00 PM,14.337
6/22/2015,10:41:00 PM,14.002
6/22/2015,11:11:00 PM,13.666
6/22/2015,11:41:00 PM,13.353
6/23/2015,12:11:00 AM,13.064
6/23/2015,12:41:00 AM,12.775
6/23/2015,1:11:00 AM,12.485
6/23/2015,1:41:00 AM,12.195
6/23/2015,2:11:00 AM,11.929
6/23/2015,2:41:00 AM,11.662
6/23/2015,3:11:00 AM,11.394
6/23/2015,3:41:00 AM,11.127
6/23/2015,4:11:00 AM,10.858
6/23/2015,4:41:00 AM,10.614
6/23/2015,5:11:00 AM,10.394
6/23/2015,5:41:00 AM,10.198
6/23/2015,6:11:00 AM,10.026
6/23/2015,6:41:00 AM,9.903
6/23/2015,7:11:00 AM,9.879
6/23/2015,7:41:00 AM,9.879
6/23/2015,8:11:00 AM,9.829
6/23/2015,8:41:00 AM,10.026
6/23/2015,9:11:00 AM,10.149
6/23/2015,9:41:00 AM,10.271
6/23/2015,10:11:00 AM,10.394
6/23/2015,10:41:00 AM,10.516
6/23/2015,11:11:00 AM,10.81
6/23/2015,11:41:00 AM,10.98
6/23/2015,12:11:00 PM,11.151
6/23/2015,12:41:00 PM,11.346
6/23/2015,1:11:00 PM,11.637
6/23/2015,1:41:00 PM,12.001
6/23/2015,2:11:00 PM,12.775
6/23/2015,2:41:00 PM,13.209
6/23/2015,3:11:00 PM,13.281
6/23/2015,3:41:00 PM,13.714
6/23/2015,4:11:00 PM,14.218
6/23/2015,4:41:00 PM,14.361
6/23/2015,5:11:00 PM,14.29
6/23/2015,5:41:00 PM,14.218
6/23/2015,6:11:00 PM,14.026
6/23/2015,6:41:00 PM,13.858
6/23/2015,7:11:00 PM,13.69
6/23/2015,7:41:00 PM,13.497
6/23/2015,8:11:00 PM,13.305
6/23/2015,8:41:00 PM,13.161
6/23/2015,9:11:00 PM,12.992
6/23/2015,9:41:00 PM,12.823
6/23/2015,10:11:00 PM,12.654
6/23/2015,10:41:00 PM,12.485
6/23/2015,11:11:00 PM,12.316
6/23/2015,11:41:00 PM,12.147
6/24/2015,12:11:00 AM,12.001
6/24/2015,12:41:00 AM,11.88
6/24/2015,1:11:00 AM,11.783
6/24/2015,1:41:00 AM,11.686
6/24/2015,2:11:00 AM,11.613
6/24/2015,2:41:00 AM,11.516
6/24/2015,3:11:00 AM,11.443
6/24/2015,3:41:00 AM,11.37
6/24/2015,4:11:00 AM,11.297
6/24/2015,4:41:00 AM,11.224
6/24/2015,5:11:00 AM,11.151
6/24/2015,5:41:00 AM,11.102
6/24/2015,6:11:00 AM,11.053
6/24/2015,6:41:00 AM,11.029
6/24/2015,7:11:00 AM,11.029
6/24/2015,7:41:00 AM,11.078
6/24/2015,8:11:00 AM,11.151
6/24/2015,8:41:00 AM,11.248
6/24/2015,9:11:00 AM,11.37
6/24/2015,9:41:00 AM,11.783
6/24/2015,10:11:00 AM,12.025
6/24/2015,10:41:00 AM,12.195
6/24/2015,11:11:00 AM,12.485
6/24/2015,11:41:00 AM,12.871
6/24/2015,12:11:00 PM,12.968
6/24/2015,12:41:00 PM,13.449
6/24/2015,1:11:00 PM,13.954
6/24/2015,1:41:00 PM,14.361
6/24/2015,2:11:00 PM,14.912
6/24/2015,2:41:00 PM,15.223
6/24/2015,3:11:00 PM,15.509
6/24/2015,3:41:00 PM,15.867
6/24/2015,4:11:00 PM,16.177
6/24/2015,4:41:00 PM,16.487
6/24/2015,5:11:00 PM,16.796
6/24/2015,5:41:00 PM,16.749
6/24/2015,6:11:00 PM,16.701
6/24/2015,6:41:00 PM,16.415
6/24/2015,7:11:00 PM,16.463
6/24/2015,7:41:00 PM,16.296
6/24/2015,8:11:00 PM,16.01
6/24/2015,8:41:00 PM,15.772
6/24/2015,9:11:00 PM,15.533
6/24/2015,9:41:00 PM,15.27
6/24/2015,10:11:00 PM,14.96
6/24/2015,10:41:00 PM,14.673
6/24/2015,11:11:00 PM,14.361
6/24/2015,11:41:00 PM,14.05
6/25/2015,12:11:00 AM,13.786
6/25/2015,12:41:00 AM,13.497
6/25/2015,1:11:00 AM,13.257
6/25/2015,1:41:00 AM,12.992
6/25/2015,2:11:00 AM,12.751
6/25/2015,2:41:00 AM,12.509
6/25/2015,3:11:00 AM,12.292
6/25/2015,3:41:00 AM,12.122
6/25/2015,4:11:00 AM,11.953
6/25/2015,4:41:00 AM,11.832
6/25/2015,5:11:00 AM,11.71
6/25/2015,5:41:00 AM,11.613
6/25/2015,6:11:00 AM,11.54
6/25/2015,6:41:00 AM,11.492
6/25/2015,7:11:00 AM,11.443
6/25/2015,7:41:00 AM,11.516
6/25/2015,8:11:00 AM,11.54
6/25/2015,8:41:00 AM,11.662
6/25/2015,9:11:00 AM,11.759
6/25/2015,9:41:00 AM,11.783
6/25/2015,10:11:00 AM,11.953
6/25/2015,10:41:00 AM,12.171
6/25/2015,11:11:00 AM,12.34
6/25/2015,11:41:00 AM,12.461
6/25/2015,12:11:00 PM,12.558
6/25/2015,12:41:00 PM,12.823
6/25/2015,1:11:00 PM,13.209
6/25/2015,1:41:00 PM,13.425
6/25/2015,2:11:00 PM,13.522
6/25/2015,2:41:00 PM,13.618
6/25/2015,3:11:00 PM,13.786
6/25/2015,3:41:00 PM,14.146
6/25/2015,4:11:00 PM,14.433
6/25/2015,4:41:00 PM,14.697
6/25/2015,5:11:00 PM,15.223
6/25/2015,5:41:00 PM,15.366
6/25/2015,6:11:00 PM,15.438
6/25/2015,6:41:00 PM,15.342
6/25/2015,7:11:00 PM,15.414
6/25/2015,7:41:00 PM,15.294
6/25/2015,8:11:00 PM,15.103
6/25/2015,8:41:00 PM,14.816
6/25/2015,9:11:00 PM,14.577
6/25/2015,9:41:00 PM,14.314
6/25/2015,10:11:00 PM,14.05
6/25/2015,10:41:00 PM,13.834
6/25/2015,11:11:00 PM,13.618
6/25/2015,11:41:00 PM,13.401
6/26/2015,12:11:00 AM,13.209
6/26/2015,12:41:00 AM,12.992
6/26/2015,1:11:00 AM,12.799
6/26/2015,1:41:00 AM,12.606
6/26/2015,2:11:00 AM,12.389
6/26/2015,2:41:00 AM,12.147
6/26/2015,3:11:00 AM,11.904
6/26/2015,3:41:00 AM,11.686
6/26/2015,4:11:00 AM,11.467
6/26/2015,4:41:00 AM,11.297
6/26/2015,5:11:00 AM,11.175
6/26/2015,5:41:00 AM,11.102
6/26/2015,6:11:00 AM,11.053
6/26/2015,6:41:00 AM,11.053
6/26/2015,7:11:00 AM,11.078
6/26/2015,7:41:00 AM,11.102
6/26/2015,8:11:00 AM,11.151
6/26/2015,8:41:00 AM,11.2
6/26/2015,9:11:00 AM,11.273
6/26/2015,9:41:00 AM,11.297
6/26/2015,10:11:00 AM,11.37
6/26/2015,10:41:00 AM,11.443
6/26/2015,11:11:00 AM,11.467
6/26/2015,11:41:00 AM,11.759
6/26/2015,12:11:00 PM,11.856
6/26/2015,12:41:00 PM,11.953
6/26/2015,1:11:00 PM,12.195
6/26/2015,1:41:00 PM,12.654
6/26/2015,2:11:00 PM,12.678
6/26/2015,2:41:00 PM,12.654
6/26/2015,3:11:00 PM,12.703
6/26/2015,3:41:00 PM,12.727
6/26/2015,4:11:00 PM,12.823
6/26/2015,4:41:00 PM,12.871
6/26/2015,5:11:00 PM,13.112
6/26/2015,5:41:00 PM,12.968
6/26/2015,6:11:00 PM,12.823
6/26/2015,6:41:00 PM,12.847
6/26/2015,7:11:00 PM,12.823
6/26/2015,7:41:00 PM,12.703
6/26/2015,8:11:00 PM,12.582
6/26/2015,8:41:00 PM,12.364
6/26/2015,9:11:00 PM,12.292
6/26/2015,9:41:00 PM,12.122
6/26/2015,10:11:00 PM,12.025
6/26/2015,10:41:00 PM,11.856
6/26/2015,11:11:00 PM,11.71
6/26/2015,11:41:00 PM,11.54
6/27/2015,12:11:00 AM,11.394
6/27/2015,12:41:00 AM,11.273
6/27/2015,1:11:00 AM,11.151
6/27/2015,1:41:00 AM,11.053
6/27/2015,2:11:00 AM,10.956
6/27/2015,2:41:00 AM,10.858
6/27/2015,3:11:00 AM,10.761
6/27/2015,3:41:00 AM,10.663
6/27/2015,4:11:00 AM,10.565
6/27/2015,4:41:00 AM,10.492
6/27/2015,5:11:00 AM,10.418
6/27/2015,5:41:00 AM,10.345
6/27/2015,6:11:00 AM,10.296
6/27/2015,6:41:00 AM,10.247
6/27/2015,7:11:00 AM,10.222
6/27/2015,7:41:00 AM,10.247
6/27/2015,8:11:00 AM,10.296
6/27/2015,8:41:00 AM,10.394
6/27/2015,9:11:00 AM,10.418
6/27/2015,9:41:00 AM,10.467
6/27/2015,10:11:00 AM,10.492
6/27/2015,10:41:00 AM,10.565
6/27/2015,11:11:00 AM,10.687
6/27/2015,11:41:00 AM,10.736
6/27/2015,12:11:00 PM,10.883
6/27/2015,12:41:00 PM,11.053
6/27/2015,1:11:00 PM,11.175
6/27/2015,1:41:00 PM,11.297
6/27/2015,2:11:00 PM,11.394
6/27/2015,2:41:00 PM,11.565
6/27/2015,3:11:00 PM,11.904
6/27/2015,3:41:00 PM,12.074
6/27/2015,4:11:00 PM,12.147
6/27/2015,4:41:00 PM,12.268
6/27/2015,5:11:00 PM,12.243
6/27/2015,5:41:00 PM,12.243
6/27/2015,6:11:00 PM,12.316
6/27/2015,6:41:00 PM,12.34
6/27/2015,7:11:00 PM,12.243
6/27/2015,7:41:00 PM,12.171
6/27/2015,8:11:00 PM,12.122
6/27/2015,8:41:00 PM,12.001
6/27/2015,9:11:00 PM,11.904
6/27/2015,9:41:00 PM,11.759
6/27/2015,10:11:00 PM,11.637
6/27/2015,10:41:00 PM,11.467
6/27/2015,11:11:00 PM,11.321
6/27/2015,11:41:00 PM,11.175
6/28/2015,12:11:00 AM,11.029
6/28/2015,12:41:00 AM,10.907
6/28/2015,1:11:00 AM,10.785
6/28/2015,1:41:00 AM,10.663
6/28/2015,2:11:00 AM,10.541
6/28/2015,2:41:00 AM,10.443
6/28/2015,3:11:00 AM,10.345
6/28/2015,3:41:00 AM,10.271
6/28/2015,4:11:00 AM,10.173
6/28/2015,4:41:00 AM,10.124
6/28/2015,5:11:00 AM,10.051
6/28/2015,5:41:00 AM,9.977
6/28/2015,6:11:00 AM,9.928
6/28/2015,6:41:00 AM,9.879
6/28/2015,7:11:00 AM,9.879
6/28/2015,7:41:00 AM,9.903
6/28/2015,8:11:00 AM,9.928
6/28/2015,8:41:00 AM,9.928
6/28/2015,9:11:00 AM,9.952
6/28/2015,9:41:00 AM,9.952
6/28/2015,10:11:00 AM,10.001
6/28/2015,10:41:00 AM,10.026
6/28/2015,11:11:00 AM,10.075
6/28/2015,11:41:00 AM,10.173
6/28/2015,12:11:00 PM,10.222
6/28/2015,12:41:00 PM,10.443
6/28/2015,1:11:00 PM,10.492
6/28/2015,1:41:00 PM,10.614
6/28/2015,2:11:00 PM,11.053
6/28/2015,2:41:00 PM,11.102
6/28/2015,3:11:00 PM,11.297
6/28/2015,3:41:00 PM,11.613
6/28/2015,4:11:00 PM,11.613
6/28/2015,4:41:00 PM,11.734
6/28/2015,5:11:00 PM,11.71
6/28/2015,5:41:00 PM,11.637
6/28/2015,6:11:00 PM,11.637
6/28/2015,6:41:00 PM,11.637
6/28/2015,7:11:00 PM,11.589
6/28/2015,7:41:00 PM,11.565
6/28/2015,8:11:00 PM,11.467
6/28/2015,8:41:00 PM,11.37
6/28/2015,9:11:00 PM,11.297
6/28/2015,9:41:00 PM,11.224
6/28/2015,10:11:00 PM,11.102
6/28/2015,10:41:00 PM,10.98
6/28/2015,11:11:00 PM,10.834
6/28/2015,11:41:00 PM,10.687
6/29/2015,12:11:00 AM,10.565
6/29/2015,12:41:00 AM,10.443
6/29/2015,1:11:00 AM,10.32
6/29/2015,1:41:00 AM,10.222
6/29/2015,2:11:00 AM,10.149
6/29/2015,2:41:00 AM,10.051
6/29/2015,3:11:00 AM,10.001
6/29/2015,3:41:00 AM,9.928
6/29/2015,4:11:00 AM,9.854
6/29/2015,4:41:00 AM,9.78
6/29/2015,5:11:00 AM,9.706
6/29/2015,5:41:00 AM,9.632
6/29/2015,6:11:00 AM,9.558
6/29/2015,6:41:00 AM,9.509
6/29/2015,7:11:00 AM,9.485
6/29/2015,7:41:00 AM,9.485
6/29/2015,8:11:00 AM,9.583
6/29/2015,8:41:00 AM,9.706
6/29/2015,9:11:00 AM,9.805
6/29/2015,9:41:00 AM,9.903
6/29/2015,10:11:00 AM,9.977
6/29/2015,10:41:00 AM,10.001
6/29/2015,11:11:00 AM,10.075
6/29/2015,11:41:00 AM,10.173
6/29/2015,12:11:00 PM,10.32
6/29/2015,12:41:00 PM,10.418
6/29/2015,1:11:00 PM,10.638
6/29/2015,1:41:00 PM,10.736
6/29/2015,2:11:00 PM,10.834
6/29/2015,2:41:00 PM,10.907
6/29/2015,3:11:00 PM,11.127
6/29/2015,3:41:00 PM,11.273
6/29/2015,4:11:00 PM,11.321
6/29/2015,4:41:00 PM,11.516
6/29/2015,5:11:00 PM,11.613
6/29/2015,5:41:00 PM,11.662
6/29/2015,6:11:00 PM,11.759
6/29/2015,6:41:00 PM,11.759
6/29/2015,7:11:00 PM,11.759
6/29/2015,7:41:00 PM,11.662
6/29/2015,8:11:00 PM,11.565
6/29/2015,8:41:00 PM,11.467
6/29/2015,9:11:00 PM,11.346
6/29/2015,9:41:00 PM,11.248
6/29/2015,10:11:00 PM,11.127
6/29/2015,10:41:00 PM,11.029
6/29/2015,11:11:00 PM,10.907
6/29/2015,11:41:00 PM,10.785
6/30/2015,12:11:00 AM,10.638
6/30/2015,12:41:00 AM,10.492
6/30/2015,1:11:00 AM,10.345
6/30/2015,1:41:00 AM,10.173
6/30/2015,2:11:00 AM,10.026
6/30/2015,2:41:00 AM,9.879
6/30/2015,3:11:00 AM,9.731
6/30/2015,3:41:00 AM,9.608
6/30/2015,4:11:00 AM,9.46
6/30/2015,4:41:00 AM,9.312
6/30/2015,5:11:00 AM,9.188
6/30/2015,5:41:00 AM,9.089
6/30/2015,6:11:00 AM,9.04
6/30/2015,6:41:00 AM,9.015
6/30/2015,7:11:00 AM,9.04
6/30/2015,7:41:00 AM,9.089
6/30/2015,8:11:00 AM,9.139
6/30/2015,8:41:00 AM,9.238
6/30/2015,9:11:00 AM,9.287
6/30/2015,9:41:00 AM,9.534
6/30/2015,10:11:00 AM,9.731
6/30/2015,10:41:00 AM,9.928
6/30/2015,11:11:00 AM,10.247
6/30/2015,11:41:00 AM,10.59
6/30/2015,12:11:00 PM,10.956
6/30/2015,12:41:00 PM,11.2
6/30/2015,1:11:00 PM,11.565
6/30/2015,1:41:00 PM,11.37
6/30/2015,2:11:00 PM,11.346
6/30/2015,2:41:00 PM,11.321
6/30/2015,3:11:00 PM,11.297
6/30/2015,3:41:00 PM,11.321
6/30/2015,4:11:00 PM,11.686
6/30/2015,4:41:00 PM,11.88
6/30/2015,5:11:00 PM,12.001
6/30/2015,5:41:00 PM,12.243
6/30/2015,6:11:00 PM,12.268
6/30/2015,6:41:00 PM,12.437
6/30/2015,7:11:00 PM,12.34
6/30/2015,7:41:00 PM,12.437
6/30/2015,8:11:00 PM,12.34
6/30/2015,8:41:00 PM,12.147
6/30/2015,9:11:00 PM,11.977
6/30/2015,9:41:00 PM,11.832
6/30/2015,10:11:00 PM,11.686
6/30/2015,10:41:00 PM,11.516
6/30/2015,11:11:00 PM,11.321
6/30/2015,11:41:00 PM,11.127
7/1/2015,12:11:00 AM,10.956
7/1/2015,12:41:00 AM,10.81
7/1/2015,1:11:00 AM,10.663
7/1/2015,1:41:00 AM,10.492
7/1/2015,2:11:00 AM,10.32
7/1/2015,2:41:00 AM,10.124
7/1/2015,3:11:00 AM,9.977
7/1/2015,3:41:00 AM,9.805
7/1/2015,4:11:00 AM,9.632
7/1/2015,4:41:00 AM,9.46
7/1/2015,5:11:00 AM,9.262
7/1/2015,5:41:00 AM,9.064
7/1/2015,6:11:00 AM,8.916
7/1/2015,6:41:00 AM,8.767
7/1/2015,7:11:00 AM,8.717
7/1/2015,7:41:00 AM,8.717
7/1/2015,8:11:00 AM,8.767
7/1/2015,8:41:00 AM,8.841
7/1/2015,9:11:00 AM,9.114
7/1/2015,9:41:00 AM,9.238
7/1/2015,10:11:00 AM,9.829
7/1/2015,10:41:00 AM,9.952
7/1/2015,11:11:00 AM,10.247
7/1/2015,11:41:00 AM,10.541
7/1/2015,12:11:00 PM,10.834
7/1/2015,12:41:00 PM,11.346
7/1/2015,1:11:00 PM,12.025
7/1/2015,1:41:00 PM,12.654
7/1/2015,2:11:00 PM,13.209
7/1/2015,2:41:00 PM,13.738
7/1/2015,3:11:00 PM,13.882
7/1/2015,3:41:00 PM,14.05
7/1/2015,4:11:00 PM,14.314
7/1/2015,4:41:00 PM,14.385
7/1/2015,5:11:00 PM,14.29
7/1/2015,5:41:00 PM,14.17
7/1/2015,6:11:00 PM,14.05
7/1/2015,6:41:00 PM,13.978
7/1/2015,7:11:00 PM,13.834
7/1/2015,7:41:00 PM,13.666
7/1/2015,8:11:00 PM,13.497
7/1/2015,8:41:00 PM,13.257
7/1/2015,9:11:00 PM,13.016
7/1/2015,9:41:00 PM,12.823
7/1/2015,10:11:00 PM,12.63
7/1/2015,10:41:00 PM,12.437
7/1/2015,11:11:00 PM,12.268
7/1/2015,11:41:00 PM,12.098
7/2/2015,12:11:00 AM,11.953
7/2/2015,12:41:00 AM,11.783
7/2/2015,1:11:00 AM,11.613
7/2/2015,1:41:00 AM,11.467
7/2/2015,2:11:00 AM,11.321
7/2/2015,2:41:00 AM,11.2
7/2/2015,3:11:00 AM,11.078
7/2/2015,3:41:00 AM,10.98
7/2/2015,4:11:00 AM,10.858
7/2/2015,4:41:00 AM,10.761
7/2/2015,5:11:00 AM,10.663
7/2/2015,5:41:00 AM,10.565
7/2/2015,6:11:00 AM,10.492
7/2/2015,6:41:00 AM,10.443
7/2/2015,7:11:00 AM,10.418
7/2/2015,7:41:00 AM,10.467
7/2/2015,8:11:00 AM,10.516
7/2/2015,8:41:00 AM,10.59
7/2/2015,9:11:00 AM,10.736
7/2/2015,9:41:00 AM,10.858
7/2/2015,10:11:00 AM,11.151
7/2/2015,10:41:00 AM,11.297
7/2/2015,11:11:00 AM,11.783
7/2/2015,11:41:00 AM,11.88
7/2/2015,12:11:00 PM,11.977
7/2/2015,12:41:00 PM,11.953
7/2/2015,1:11:00 PM,12.025
7/2/2015,1:41:00 PM,12.122
7/2/2015,2:11:00 PM,12.195
7/2/2015,2:41:00 PM,12.389
7/2/2015,3:11:00 PM,12.775
7/2/2015,3:41:00 PM,13.137
7/2/2015,4:11:00 PM,13.57
7/2/2015,4:41:00 PM,13.93
7/2/2015,5:11:00 PM,13.954
7/2/2015,5:41:00 PM,14.122
7/2/2015,6:11:00 PM,14.17
7/2/2015,6:41:00 PM,14.266
7/2/2015,7:11:00 PM,14.266
7/2/2015,7:41:00 PM,14.218
7/2/2015,8:11:00 PM,14.17
7/2/2015,8:41:00 PM,13.978
7/2/2015,9:11:00 PM,13.81
7/2/2015,9:41:00 PM,13.666
7/2/2015,10:11:00 PM,13.449
7/2/2015,10:41:00 PM,13.257
7/2/2015,11:11:00 PM,13.04
7/2/2015,11:41:00 PM,12.799
7/3/2015,12:11:00 AM,12.558
7/3/2015,12:41:00 AM,12.34
7/3/2015,1:11:00 AM,12.098
7/3/2015,1:41:00 AM,11.88
7/3/2015,2:11:00 AM,11.637
7/3/2015,2:41:00 AM,11.394
7/3/2015,3:11:00 AM,11.175
7/3/2015,3:41:00 AM,10.932
7/3/2015,4:11:00 AM,10.712
7/3/2015,4:41:00 AM,10.516
7/3/2015,5:11:00 AM,10.296
7/3/2015,5:41:00 AM,10.124
7/3/2015,6:11:00 AM,9.952
7/3/2015,6:41:00 AM,9.829
7/3/2015,7:11:00 AM,9.805
7/3/2015,7:41:00 AM,9.805
7/3/2015,8:11:00 AM,9.879
7/3/2015,8:41:00 AM,10.051
7/3/2015,9:11:00 AM,10.296
7/3/2015,9:41:00 AM,10.614
7/3/2015,10:11:00 AM,10.956
7/3/2015,10:41:00 AM,11.346
7/3/2015,11:11:00 AM,11.783
7/3/2015,11:41:00 AM,12.243
7/3/2015,12:11:00 PM,12.654
7/3/2015,12:41:00 PM,13.088
7/3/2015,1:11:00 PM,13.594
7/3/2015,1:41:00 PM,14.146
7/3/2015,2:11:00 PM,14.745
7/3/2015,2:41:00 PM,15.127
7/3/2015,3:11:00 PM,15.342
7/3/2015,3:41:00 PM,15.605
7/3/2015,4:11:00 PM,15.915
7/3/2015,4:41:00 PM,16.225
7/3/2015,5:11:00 PM,16.654
7/3/2015,5:41:00 PM,16.725
7/3/2015,6:11:00 PM,16.32
7/3/2015,6:41:00 PM,16.177
7/3/2015,7:11:00 PM,16.177
7/3/2015,7:41:00 PM,16.01
7/3/2015,8:11:00 PM,15.772
7/3/2015,8:41:00 PM,15.533
7/3/2015,9:11:00 PM,15.39
7/3/2015,9:41:00 PM,15.151
7/3/2015,10:11:00 PM,14.864
7/3/2015,10:41:00 PM,14.577
7/3/2015,11:11:00 PM,14.29
7/3/2015,11:41:00 PM,14.026
7/4/2015,12:11:00 AM,13.762
7/4/2015,12:41:00 AM,13.497
7/4/2015,1:11:00 AM,13.257
7/4/2015,1:41:00 AM,13.016
7/4/2015,2:11:00 AM,12.799
7/4/2015,2:41:00 AM,12.606
7/4/2015,3:11:00 AM,12.437
7/4/2015,3:41:00 AM,12.268
7/4/2015,4:11:00 AM,12.122
7/4/2015,4:41:00 AM,11.977
7/4/2015,5:11:00 AM,11.832
7/4/2015,5:41:00 AM,11.734
7/4/2015,6:11:00 AM,11.613
7/4/2015,6:41:00 AM,11.516
7/4/2015,7:11:00 AM,11.443
7/4/2015,7:41:00 AM,11.37
7/4/2015,8:11:00 AM,11.297
7/4/2015,8:41:00 AM,11.248
7/4/2015,9:11:00 AM,11.273
7/4/2015,9:41:00 AM,11.273
7/4/2015,10:11:00 AM,11.273
7/4/2015,10:41:00 AM,11.273
7/4/2015,11:11:00 AM,11.297
7/4/2015,11:41:00 AM,11.394
7/4/2015,12:11:00 PM,11.467
7/4/2015,12:41:00 PM,11.54
7/4/2015,1:11:00 PM,11.71
7/4/2015,1:41:00 PM,11.759
7/4/2015,2:11:00 PM,11.832
7/4/2015,2:41:00 PM,11.929
7/4/2015,3:11:00 PM,11.977
7/4/2015,3:41:00 PM,12.025
7/4/2015,4:11:00 PM,12.001
7/4/2015,4:41:00 PM,11.977
7/4/2015,5:11:00 PM,12.001
7/4/2015,5:41:00 PM,11.929
7/4/2015,6:11:00 PM,11.929
7/4/2015,6:41:00 PM,11.856
7/4/2015,7:11:00 PM,11.953
7/4/2015,7:41:00 PM,11.904
7/4/2015,8:11:00 PM,11.929
7/4/2015,8:41:00 PM,11.929
7/4/2015,9:11:00 PM,11.88
7/4/2015,9:41:00 PM,11.807
7/4/2015,10:11:00 PM,11.734
7/4/2015,10:41:00 PM,11.637
7/4/2015,11:11:00 PM,11.54
7/4/2015,11:41:00 PM,11.443
7/5/2015,12:11:00 AM,11.346
7/5/2015,12:41:00 AM,11.273
7/5/2015,1:11:00 AM,11.175
7/5/2015,1:41:00 AM,11.102
7/5/2015,2:11:00 AM,11.029
7/5/2015,2:41:00 AM,10.98
7/5/2015,3:11:00 AM,10.932
7/5/2015,3:41:00 AM,10.858
7/5/2015,4:11:00 AM,10.81
7/5/2015,4:41:00 AM,10.761
7/5/2015,5:11:00 AM,10.736
7/5/2015,5:41:00 AM,10.687
7/5/2015,6:11:00 AM,10.638
7/5/2015,6:41:00 AM,10.614
7/5/2015,7:11:00 AM,10.614
7/5/2015,7:41:00 AM,10.59
7/5/2015,8:11:00 AM,10.565
7/5/2015,8:41:00 AM,10.614
7/5/2015,9:11:00 AM,10.736
7/5/2015,9:41:00 AM,11.005
7/5/2015,10:11:00 AM,11.127
7/5/2015,10:41:00 AM,11.589
7/5/2015,11:11:00 AM,12.025
7/5/2015,11:41:00 AM,12.05
7/5/2015,12:11:00 PM,12.195
7/5/2015,12:41:00 PM,12.485
7/5/2015,1:11:00 PM,12.606
7/5/2015,1:41:00 PM,13.112
7/5/2015,2:11:00 PM,13.305
7/5/2015,2:41:00 PM,13.522
7/5/2015,3:11:00 PM,13.738
7/5/2015,3:41:00 PM,13.786
7/5/2015,4:11:00 PM,13.93
7/5/2015,4:41:00 PM,13.906
7/5/2015,5:11:00 PM,13.882
7/5/2015,5:41:00 PM,13.858
7/5/2015,6:11:00 PM,13.834
7/5/2015,6:41:00 PM,13.786
7/5/2015,7:11:00 PM,13.69
7/5/2015,7:41:00 PM,13.594
7/5/2015,8:11:00 PM,13.497
7/5/2015,8:41:00 PM,13.449
7/5/2015,9:11:00 PM,13.353
7/5/2015,9:41:00 PM,13.305
7/5/2015,10:11:00 PM,13.209
7/5/2015,10:41:00 PM,13.088
7/5/2015,11:11:00 PM,12.944
7/5/2015,11:41:00 PM,12.775
7/6/2015,12:11:00 AM,12.582
7/6/2015,12:41:00 AM,12.389
7/6/2015,1:11:00 AM,12.219
7/6/2015,1:41:00 AM,12.025
7/6/2015,2:11:00 AM,11.856
7/6/2015,2:41:00 AM,11.71
7/6/2015,3:11:00 AM,11.54
7/6/2015,3:41:00 AM,11.394
7/6/2015,4:11:00 AM,11.248
7/6/2015,4:41:00 AM,11.102
7/6/2015,5:11:00 AM,10.98
7/6/2015,5:41:00 AM,10.907
7/6/2015,6:11:00 AM,10.834
7/6/2015,6:41:00 AM,10.81
7/6/2015,7:11:00 AM,10.785
7/6/2015,7:41:00 AM,10.834
7/6/2015,8:11:00 AM,10.907
7/6/2015,8:41:00 AM,10.932
7/6/2015,9:11:00 AM,10.932
7/6/2015,9:41:00 AM,10.98
7/6/2015,10:11:00 AM,11.078
7/6/2015,10:41:00 AM,11.175
7/6/2015,11:11:00 AM,11.273
7/6/2015,11:41:00 AM,11.394
7/6/2015,12:11:00 PM,11.467
7/6/2015,12:41:00 PM,11.565
7/6/2015,1:11:00 PM,11.613
7/6/2015,1:41:00 PM,11.856
7/6/2015,2:11:00 PM,12.074
7/6/2015,2:41:00 PM,12.364
7/6/2015,3:11:00 PM,12.389
7/6/2015,3:41:00 PM,12.389
7/6/2015,4:11:00 PM,12.437
7/6/2015,4:41:00 PM,12.461
7/6/2015,5:11:00 PM,12.413
7/6/2015,5:41:00 PM,12.389
7/6/2015,6:11:00 PM,12.389
7/6/2015,6:41:00 PM,12.461
7/6/2015,7:11:00 PM,12.437
7/6/2015,7:41:00 PM,12.389
7/6/2015,8:11:00 PM,12.34
7/6/2015,8:41:00 PM,12.316
7/6/2015,9:11:00 PM,12.243
7/6/2015,9:41:00 PM,12.243
7/6/2015,10:11:00 PM,12.195
7/6/2015,10:41:00 PM,12.122
7/6/2015,11:11:00 PM,12.025
7/6/2015,11:41:00 PM,11.929
7/7/2015,12:11:00 AM,11.856
7/7/2015,12:41:00 AM,11.759
7/7/2015,1:11:00 AM,11.686
7/7/2015,1:41:00 AM,11.613
7/7/2015,2:11:00 AM,11.54
7/7/2015,2:41:00 AM,11.467
7/7/2015,3:11:00 AM,11.394
7/7/2015,3:41:00 AM,11.321
7/7/2015,4:11:00 AM,11.273
7/7/2015,4:41:00 AM,11.2
7/7/2015,5:11:00 AM,11.151
7/7/2015,5:41:00 AM,11.127
7/7/2015,6:11:00 AM,11.078
7/7/2015,6:41:00 AM,11.053
7/7/2015,7:11:00 AM,11.029
7/7/2015,7:41:00 AM,11.005
7/7/2015,8:11:00 AM,11.029
7/7/2015,8:41:00 AM,11.029
7/7/2015,9:11:00 AM,11.078
7/7/2015,9:41:00 AM,11.224
7/7/2015,10:11:00 AM,11.273
7/7/2015,10:41:00 AM,11.321
7/7/2015,11:11:00 AM,11.492
7/7/2015,11:41:00 AM,11.565
7/7/2015,12:11:00 PM,11.759
7/7/2015,12:41:00 PM,11.953
7/7/2015,1:11:00 PM,12.147
7/7/2015,1:41:00 PM,12.437
7/7/2015,2:11:00 PM,12.63
7/7/2015,2:41:00 PM,12.847
7/7/2015,3:11:00 PM,13.088
7/7/2015,3:41:00 PM,13.377
7/7/2015,4:11:00 PM,13.594
7/7/2015,4:41:00 PM,13.858
7/7/2015,5:11:00 PM,14.385
7/7/2015,5:41:00 PM,14.553
7/7/2015,6:11:00 PM,14.553
7/7/2015,6:41:00 PM,14.457
7/7/2015,7:11:00 PM,14.625
7/7/2015,7:41:00 PM,14.529
7/7/2015,8:11:00 PM,14.385
7/7/2015,8:41:00 PM,14.074
7/7/2015,9:11:00 PM,13.834
7/7/2015,9:41:00 PM,13.57
7/7/2015,10:11:00 PM,13.281
7/7/2015,10:41:00 PM,13.016
7/7/2015,11:11:00 PM,12.751
7/7/2015,11:41:00 PM,12.558
7/8/2015,12:11:00 AM,12.437
7/8/2015,12:41:00 AM,12.34
7/8/2015,1:11:00 AM,12.243
7/8/2015,1:41:00 AM,12.147
7/8/2015,2:11:00 AM,12.025
7/8/2015,2:41:00 AM,11.929
7/8/2015,3:11:00 AM,11.783
7/8/2015,3:41:00 AM,11.613
7/8/2015,4:11:00 AM,11.443
7/8/2015,4:41:00 AM,11.273
7/8/2015,5:11:00 AM,11.127
7/8/2015,5:41:00 AM,11.029
7/8/2015,6:11:00 AM,10.932
7/8/2015,6:41:00 AM,10.858
7/8/2015,7:11:00 AM,10.834
7/8/2015,7:41:00 AM,10.834
7/8/2015,8:11:00 AM,10.858
7/8/2015,8:41:00 AM,10.907
7/8/2015,9:11:00 AM,10.98
7/8/2015,9:41:00 AM,11.053
7/8/2015,10:11:00 AM,11.175
7/8/2015,10:41:00 AM,11.297
7/8/2015,11:11:00 AM,11.419
7/8/2015,11:41:00 AM,11.589
7/8/2015,12:11:00 PM,11.662
7/8/2015,12:41:00 PM,11.759
7/8/2015,1:11:00 PM,11.856
7/8/2015,1:41:00 PM,11.929
7/8/2015,2:11:00 PM,12.098
7/8/2015,2:41:00 PM,12.195
7/8/2015,3:11:00 PM,12.364
7/8/2015,3:41:00 PM,12.485
7/8/2015,4:11:00 PM,12.606
7/8/2015,4:41:00 PM,12.703
7/8/2015,5:11:00 PM,12.751
7/8/2015,5:41:00 PM,12.823
7/8/2015,6:11:00 PM,12.799
7/8/2015,6:41:00 PM,12.775
7/8/2015,7:11:00 PM,12.703
7/8/2015,7:41:00 PM,12.582
7/8/2015,8:11:00 PM,12.461
7/8/2015,8:41:00 PM,12.34
7/8/2015,9:11:00 PM,12.195
7/8/2015,9:41:00 PM,12.05
7/8/2015,10:11:00 PM,11.904
7/8/2015,10:41:00 PM,11.759
7/8/2015,11:11:00 PM,11.613
7/8/2015,11:41:00 PM,11.467
7/9/2015,12:11:00 AM,11.346
7/9/2015,12:41:00 AM,11.2
7/9/2015,1:11:00 AM,11.078
7/9/2015,1:41:00 AM,10.98
7/9/2015,2:11:00 AM,10.858
7/9/2015,2:41:00 AM,10.736
7/9/2015,3:11:00 AM,10.663
7/9/2015,3:41:00 AM,10.565
7/9/2015,4:11:00 AM,10.467
7/9/2015,4:41:00 AM,10.394
7/9/2015,5:11:00 AM,10.296
7/9/2015,5:41:00 AM,10.222
7/9/2015,6:11:00 AM,10.173
7/9/2015,6:41:00 AM,10.124
7/9/2015,7:11:00 AM,10.075
7/9/2015,7:41:00 AM,10.075
7/9/2015,8:11:00 AM,10.1
7/9/2015,8:41:00 AM,10.149
7/9/2015,9:11:00 AM,10.296
7/9/2015,9:41:00 AM,10.418
7/9/2015,10:11:00 AM,10.59
7/9/2015,10:41:00 AM,10.834
7/9/2015,11:11:00 AM,11.102
7/9/2015,11:41:00 AM,11.394
7/9/2015,12:11:00 PM,11.613
7/9/2015,12:41:00 PM,11.88
7/9/2015,1:11:00 PM,12.485
7/9/2015,1:41:00 PM,12.871
7/9/2015,2:11:00 PM,13.04
7/9/2015,2:41:00 PM,13.305
7/9/2015,3:11:00 PM,13.642
7/9/2015,3:41:00 PM,14.05
7/9/2015,4:11:00 PM,14.529
7/9/2015,4:41:00 PM,14.649
7/9/2015,5:11:00 PM,15.079
7/9/2015,5:41:00 PM,15.008
7/9/2015,6:11:00 PM,14.984
7/9/2015,6:41:00 PM,14.96
7/9/2015,7:11:00 PM,15.079
7/9/2015,7:41:00 PM,14.816
7/9/2015,8:11:00 PM,14.768
7/9/2015,8:41:00 PM,14.481
7/9/2015,9:11:00 PM,14.266
7/9/2015,9:41:00 PM,14.05
7/9/2015,10:11:00 PM,13.834
7/9/2015,10:41:00 PM,13.618
7/9/2015,11:11:00 PM,13.401
7/9/2015,11:41:00 PM,13.209
7/10/2015,12:11:00 AM,13.016
7/10/2015,12:41:00 AM,12.847
7/10/2015,1:11:00 AM,12.703
7/10/2015,1:41:00 AM,12.558
7/10/2015,2:11:00 AM,12.413
7/10/2015,2:41:00 AM,12.268
7/10/2015,3:11:00 AM,12.147
7/10/2015,3:41:00 AM,12.001
7/10/2015,4:11:00 AM,11.904
7/10/2015,4:41:00 AM,11.783
7/10/2015,5:11:00 AM,11.686
7/10/2015,5:41:00 AM,11.613
7/10/2015,6:11:00 AM,11.516
7/10/2015,6:41:00 AM,11.443
7/10/2015,7:11:00 AM,11.443
7/10/2015,7:41:00 AM,11.492
7/10/2015,8:11:00 AM,11.54
7/10/2015,8:41:00 AM,11.637
7/10/2015,9:11:00 AM,11.783
7/10/2015,9:41:00 AM,11.783
7/10/2015,10:11:00 AM,12.122
7/10/2015,10:41:00 AM,12.364
7/10/2015,11:11:00 AM,12.606
7/10/2015,11:41:00 AM,12.823
7/10/2015,12:11:00 PM,13.016
7/10/2015,12:41:00 PM,13.425
7/10/2015,1:11:00 PM,13.834
7/10/2015,1:41:00 PM,14.361
7/10/2015,2:11:00 PM,14.84
7/10/2015,2:41:00 PM,15.366
7/10/2015,3:11:00 PM,15.485
7/10/2015,3:41:00 PM,15.891
7/10/2015,4:11:00 PM,16.368
7/10/2015,4:41:00 PM,16.463
7/10/2015,5:11:00 PM,16.654
7/10/2015,5:41:00 PM,16.439
7/10/2015,6:11:00 PM,16.32
7/10/2015,6:41:00 PM,16.201
7/10/2015,7:11:00 PM,16.272
7/10/2015,7:41:00 PM,16.106
7/10/2015,8:11:00 PM,15.867
7/10/2015,8:41:00 PM,15.557
7/10/2015,9:11:00 PM,15.294
7/10/2015,9:41:00 PM,15.031
7/10/2015,10:11:00 PM,14.745
7/10/2015,10:41:00 PM,14.433
7/10/2015,11:11:00 PM,14.122
7/10/2015,11:41:00 PM,13.81
7/11/2015,12:11:00 AM,13.522
7/11/2015,12:41:00 AM,13.233
7/11/2015,1:11:00 AM,12.968
7/11/2015,1:41:00 AM,12.703
7/11/2015,2:11:00 AM,12.437
7/11/2015,2:41:00 AM,12.171
7/11/2015,3:11:00 AM,11.929
7/11/2015,3:41:00 AM,11.686
7/11/2015,4:11:00 AM,11.443
7/11/2015,4:41:00 AM,11.224
7/11/2015,5:11:00 AM,11.005
7/11/2015,5:41:00 AM,10.785
7/11/2015,6:11:00 AM,10.614
7/11/2015,6:41:00 AM,10.467
7/11/2015,7:11:00 AM,10.418
7/11/2015,7:41:00 AM,10.418
7/11/2015,8:11:00 AM,10.467
7/11/2015,8:41:00 AM,10.59
7/11/2015,9:11:00 AM,10.834
7/11/2015,9:41:00 AM,11.127
7/11/2015,10:11:00 AM,11.443
7/11/2015,10:41:00 AM,11.832
7/11/2015,11:11:00 AM,12.219
7/11/2015,11:41:00 AM,12.654
7/11/2015,12:11:00 PM,13.064
7/11/2015,12:41:00 PM,13.473
7/11/2015,1:11:00 PM,14.002
7/11/2015,1:41:00 PM,14.553
7/11/2015,2:11:00 PM,15.151
7/11/2015,2:41:00 PM,15.629
7/11/2015,3:11:00 PM,15.772
7/11/2015,3:41:00 PM,16.129
7/11/2015,4:11:00 PM,16.63
7/11/2015,4:41:00 PM,16.701
7/11/2015,5:11:00 PM,17.13
7/11/2015,5:41:00 PM,17.177
7/11/2015,6:11:00 PM,16.963
7/11/2015,6:41:00 PM,16.773
7/11/2015,7:11:00 PM,16.796
7/11/2015,7:41:00 PM,16.749
7/11/2015,8:11:00 PM,16.511
7/11/2015,8:41:00 PM,16.296
7/11/2015,9:11:00 PM,16.082
7/11/2015,9:41:00 PM,15.819
7/11/2015,10:11:00 PM,15.533
7/11/2015,10:41:00 PM,15.175
7/11/2015,11:11:00 PM,14.864
7/11/2015,11:41:00 PM,14.553
7/12/2015,12:11:00 AM,14.242
7/12/2015,12:41:00 AM,13.954
7/12/2015,1:11:00 AM,13.666
7/12/2015,1:41:00 AM,13.377
7/12/2015,2:11:00 AM,13.112
7/12/2015,2:41:00 AM,12.871
7/12/2015,3:11:00 AM,12.606
7/12/2015,3:41:00 AM,12.34
7/12/2015,4:11:00 AM,12.122
7/12/2015,4:41:00 AM,11.953
7/12/2015,5:11:00 AM,11.807
7/12/2015,5:41:00 AM,11.686
7/12/2015,6:11:00 AM,11.565
7/12/2015,6:41:00 AM,11.492
7/12/2015,7:11:00 AM,11.467
7/12/2015,7:41:00 AM,11.443
7/12/2015,8:11:00 AM,11.467
7/12/2015,8:41:00 AM,11.565
7/12/2015,9:11:00 AM,11.637
7/12/2015,9:41:00 AM,11.807
7/12/2015,10:11:00 AM,11.904
7/12/2015,10:41:00 AM,11.953
7/12/2015,11:11:00 AM,12.098
7/12/2015,11:41:00 AM,12.292
7/12/2015,12:11:00 PM,12.485
7/12/2015,12:41:00 PM,12.654
7/12/2015,1:11:00 PM,12.775
7/12/2015,1:41:00 PM,12.751
7/12/2015,2:11:00 PM,12.896
7/12/2015,2:41:00 PM,12.871
7/12/2015,3:11:00 PM,12.823
7/12/2015,3:41:00 PM,12.823
7/12/2015,4:11:00 PM,12.775
7/12/2015,4:41:00 PM,12.751
7/12/2015,5:11:00 PM,12.751
7/12/2015,5:41:00 PM,12.751
7/12/2015,6:11:00 PM,12.703
7/12/2015,6:41:00 PM,12.63
7/12/2015,7:11:00 PM,12.558
7/12/2015,7:41:00 PM,12.461
7/12/2015,8:11:00 PM,12.437
7/12/2015,8:41:00 PM,12.34
7/12/2015,9:11:00 PM,12.219
7/12/2015,9:41:00 PM,12.098
7/12/2015,10:11:00 PM,11.977
7/12/2015,10:41:00 PM,11.832
7/12/2015,11:11:00 PM,11.71
7/12/2015,11:41:00 PM,11.565
7/13/2015,12:11:00 AM,11.467
7/13/2015,12:41:00 AM,11.346
7/13/2015,1:11:00 AM,11.248
7/13/2015,1:41:00 AM,11.175
7/13/2015,2:11:00 AM,11.078
7/13/2015,2:41:00 AM,11.005
7/13/2015,3:11:00 AM,10.932
7/13/2015,3:41:00 AM,10.834
7/13/2015,4:11:00 AM,10.761
7/13/2015,4:41:00 AM,10.663
7/13/2015,5:11:00 AM,10.565
7/13/2015,5:41:00 AM,10.467
7/13/2015,6:11:00 AM,10.394
7/13/2015,6:41:00 AM,10.32
7/13/2015,7:11:00 AM,10.247
7/13/2015,7:41:00 AM,10.198
7/13/2015,8:11:00 AM,10.198
7/13/2015,8:41:00 AM,10.198
7/13/2015,9:11:00 AM,10.222
7/13/2015,9:41:00 AM,10.222
7/13/2015,10:11:00 AM,10.222
7/13/2015,10:41:00 AM,10.247
7/13/2015,11:11:00 AM,10.418
7/13/2015,11:41:00 AM,10.541
7/13/2015,12:11:00 PM,10.516
7/13/2015,12:41:00 PM,10.59
7/13/2015,1:11:00 PM,10.663
7/13/2015,1:41:00 PM,10.81
7/13/2015,2:11:00 PM,10.956
7/13/2015,2:41:00 PM,11.078
7/13/2015,3:11:00 PM,11.224
7/13/2015,3:41:00 PM,11.224
7/13/2015,4:11:00 PM,11.248
7/13/2015,4:41:00 PM,11.273
7/13/2015,5:11:00 PM,11.2
7/13/2015,5:41:00 PM,11.297
7/13/2015,6:11:00 PM,11.37
7/13/2015,6:41:00 PM,11.394
7/13/2015,7:11:00 PM,11.394
7/13/2015,7:41:00 PM,11.467
7/13/2015,8:11:00 PM,11.467
7/13/2015,8:41:00 PM,11.467
7/13/2015,9:11:00 PM,11.37
7/13/2015,9:41:00 PM,11.273
7/13/2015,10:11:00 PM,11.175
7/13/2015,10:41:00 PM,11.053
7/13/2015,11:11:00 PM,10.932
7/13/2015,11:41:00 PM,10.785
7/14/2015,12:11:00 AM,10.638
7/14/2015,12:41:00 AM,10.492
7/14/2015,1:11:00 AM,10.345
7/14/2015,1:41:00 AM,10.222
7/14/2015,2:11:00 AM,10.1
7/14/2015,2:41:00 AM,10.001
7/14/2015,3:11:00 AM,9.879
7/14/2015,3:41:00 AM,9.756
7/14/2015,4:11:00 AM,9.657
7/14/2015,4:41:00 AM,9.558
7/14/2015,5:11:00 AM,9.46
7/14/2015,5:41:00 AM,9.386
7/14/2015,6:11:00 AM,9.336
7/14/2015,6:41:00 AM,9.312
7/14/2015,7:11:00 AM,9.336
7/14/2015,7:41:00 AM,9.386
7/14/2015,8:11:00 AM,9.41
7/14/2015,8:41:00 AM,9.485
7/14/2015,9:11:00 AM,9.558
7/14/2015,9:41:00 AM,9.706
7/14/2015,10:11:00 AM,9.829
7/14/2015,10:41:00 AM,10.001
7/14/2015,11:11:00 AM,10.271
7/14/2015,11:41:00 AM,10.443
7/14/2015,12:11:00 PM,10.687
7/14/2015,12:41:00 PM,11.175
7/14/2015,1:11:00 PM,11.321
7/14/2015,1:41:00 PM,11.321
7/14/2015,2:11:00 PM,11.589
7/14/2015,2:41:00 PM,12.171
7/14/2015,3:11:00 PM,12.147
7/14/2015,3:41:00 PM,12.268
7/14/2015,4:11:00 PM,12.195
7/14/2015,4:41:00 PM,12.025
7/14/2015,5:11:00 PM,12.243
7/14/2015,5:41:00 PM,12.485
7/14/2015,6:11:00 PM,12.558
7/14/2015,6:41:00 PM,12.437
7/14/2015,7:11:00 PM,12.364
7/14/2015,7:41:00 PM,12.268
7/14/2015,8:11:00 PM,12.05
7/14/2015,8:41:00 PM,11.953
7/14/2015,9:11:00 PM,11.832
7/14/2015,9:41:00 PM,11.686
7/14/2015,10:11:00 PM,11.54
7/14/2015,10:41:00 PM,11.419
7/14/2015,11:11:00 PM,11.273
7/14/2015,11:41:00 PM,11.151
7/15/2015,12:11:00 AM,11.078
7/15/2015,12:41:00 AM,10.98
7/15/2015,1:11:00 AM,10.883
7/15/2015,1:41:00 AM,10.761
7/15/2015,2:11:00 AM,10.638
7/15/2015,2:41:00 AM,10.516
7/15/2015,3:11:00 AM,10.418
7/15/2015,3:41:00 AM,10.32
7/15/2015,4:11:00 AM,10.222
7/15/2015,4:41:00 AM,10.124
7/15/2015,5:11:00 AM,10.001
7/15/2015,5:41:00 AM,9.879
7/15/2015,6:11:00 AM,9.78
7/15/2015,6:41:00 AM,9.682
7/15/2015,7:11:00 AM,9.583
7/15/2015,7:41:00 AM,9.534
7/15/2015,8:11:00 AM,9.509
7/15/2015,8:41:00 AM,9.534
7/15/2015,9:11:00 AM,9.558
7/15/2015,9:41:00 AM,9.632
7/15/2015,10:11:00 AM,9.706
7/15/2015,10:41:00 AM,9.829
7/15/2015,11:11:00 AM,10.026
7/15/2015,11:41:00 AM,10.271
7/15/2015,12:11:00 PM,10.467
7/15/2015,12:41:00 PM,10.565
7/15/2015,1:11:00 PM,10.687
7/15/2015,1:41:00 PM,10.736
7/15/2015,2:11:00 PM,11.029
7/15/2015,2:41:00 PM,11.127
7/15/2015,3:11:00 PM,11.248
7/15/2015,3:41:00 PM,11.37
7/15/2015,4:11:00 PM,11.467
7/15/2015,4:41:00 PM,11.734
7/15/2015,5:11:00 PM,12.025
7/15/2015,5:41:00 PM,11.904
7/15/2015,6:11:00 PM,11.832
7/15/2015,6:41:00 PM,11.734
7/15/2015,7:11:00 PM,11.686
7/15/2015,7:41:00 PM,11.589
7/15/2015,8:11:00 PM,11.516
7/15/2015,8:41:00 PM,11.394
7/15/2015,9:11:00 PM,11.321
7/15/2015,9:41:00 PM,11.248
7/15/2015,10:11:00 PM,11.175
7/15/2015,10:41:00 PM,11.078
7/15/2015,11:11:00 PM,11.005
7/15/2015,11:41:00 PM,10.907
7/16/2015,12:11:00 AM,10.81
7/16/2015,12:41:00 AM,10.736
7/16/2015,1:11:00 AM,10.638
7/16/2015,1:41:00 AM,10.59
7/16/2015,2:11:00 AM,10.516
7/16/2015,2:41:00 AM,10.443
7/16/2015,3:11:00 AM,10.345
7/16/2015,3:41:00 AM,10.271
7/16/2015,4:11:00 AM,10.198
7/16/2015,4:41:00 AM,10.124
7/16/2015,5:11:00 AM,10.051
7/16/2015,5:41:00 AM,9.977
7/16/2015,6:11:00 AM,9.903
7/16/2015,6:41:00 AM,9.854
7/16/2015,7:11:00 AM,9.805
7/16/2015,7:41:00 AM,9.78
7/16/2015,8:11:00 AM,9.756
7/16/2015,8:41:00 AM,9.731
7/16/2015,9:11:00 AM,9.731
7/16/2015,9:41:00 AM,9.731
7/16/2015,10:11:00 AM,9.731
7/16/2015,10:41:00 AM,9.78
7/16/2015,11:11:00 AM,9.903
7/16/2015,11:41:00 AM,10.001
7/16/2015,12:11:00 PM,10.198
7/16/2015,12:41:00 PM,10.394
7/16/2015,1:11:00 PM,10.492
7/16/2015,1:41:00 PM,10.541
7/16/2015,2:11:00 PM,10.614
7/16/2015,2:41:00 PM,10.59
7/16/2015,3:11:00 PM,10.663
7/16/2015,3:41:00 PM,10.736
7/16/2015,4:11:00 PM,10.736
7/16/2015,4:41:00 PM,10.785
7/16/2015,5:11:00 PM,10.785
7/16/2015,5:41:00 PM,10.785
7/16/2015,6:11:00 PM,10.761
7/16/2015,6:41:00 PM,10.736
7/16/2015,7:11:00 PM,10.687
7/16/2015,7:41:00 PM,10.59
7/16/2015,8:11:00 PM,10.541
7/16/2015,8:41:00 PM,10.492
7/16/2015,9:11:00 PM,10.443
7/16/2015,9:41:00 PM,10.394
7/16/2015,10:11:00 PM,10.369
7/16/2015,10:41:00 PM,10.32
7/16/2015,11:11:00 PM,10.271
7/16/2015,11:41:00 PM,10.198
7/17/2015,12:11:00 AM,10.124
7/17/2015,12:41:00 AM,10.1
7/17/2015,1:11:00 AM,10.051
7/17/2015,1:41:00 AM,10.001
7/17/2015,2:11:00 AM,9.977
7/17/2015,2:41:00 AM,9.928
7/17/2015,3:11:00 AM,9.879
7/17/2015,3:41:00 AM,9.829
7/17/2015,4:11:00 AM,9.756
7/17/2015,4:41:00 AM,9.706
7/17/2015,5:11:00 AM,9.632
7/17/2015,5:41:00 AM,9.583
7/17/2015,6:11:00 AM,9.509
7/17/2015,6:41:00 AM,9.46
7/17/2015,7:11:00 AM,9.41
7/17/2015,7:41:00 AM,9.386
7/17/2015,8:11:00 AM,9.41
7/17/2015,8:41:00 AM,9.46
7/17/2015,9:11:00 AM,9.534
7/17/2015,9:41:00 AM,9.805
7/17/2015,10:11:00 AM,10.051
7/17/2015,10:41:00 AM,10.345
7/17/2015,11:11:00 AM,10.614
7/17/2015,11:41:00 AM,10.883
7/17/2015,12:11:00 PM,11.078
7/17/2015,12:41:00 PM,11.346
7/17/2015,1:11:00 PM,11.346
7/17/2015,1:41:00 PM,11.565
7/17/2015,2:11:00 PM,11.734
7/17/2015,2:41:00 PM,11.783
7/17/2015,3:11:00 PM,12.001
7/17/2015,3:41:00 PM,12.147
7/17/2015,4:11:00 PM,12.147
7/17/2015,4:41:00 PM,12.074
7/17/2015,5:11:00 PM,12.025
7/17/2015,5:41:00 PM,12.074
7/17/2015,6:11:00 PM,12.195
7/17/2015,6:41:00 PM,12.171
7/17/2015,7:11:00 PM,12.219
7/17/2015,7:41:00 PM,12.243
7/17/2015,8:11:00 PM,12.195
7/17/2015,8:41:00 PM,12.074
7/17/2015,9:11:00 PM,11.953
7/17/2015,9:41:00 PM,11.807
7/17/2015,10:11:00 PM,11.686
7/17/2015,10:41:00 PM,11.516
7/17/2015,11:11:00 PM,11.37
7/17/2015,11:41:00 PM,11.248
7/18/2015,12:11:00 AM,11.102
7/18/2015,12:41:00 AM,10.956
7/18/2015,1:11:00 AM,10.834
7/18/2015,1:41:00 AM,10.712
7/18/2015,2:11:00 AM,10.59
7/18/2015,2:41:00 AM,10.541
7/18/2015,3:11:00 AM,10.467
7/18/2015,3:41:00 AM,10.418
7/18/2015,4:11:00 AM,10.345
7/18/2015,4:41:00 AM,10.271
7/18/2015,5:11:00 AM,10.198
7/18/2015,5:41:00 AM,10.075
7/18/2015,6:11:00 AM,9.952
7/18/2015,6:41:00 AM,9.854
7/18/2015,7:11:00 AM,9.805
7/18/2015,7:41:00 AM,9.805
7/18/2015,8:11:00 AM,9.829
7/18/2015,8:41:00 AM,9.903
7/18/2015,9:11:00 AM,10.051
7/18/2015,9:41:00 AM,10.247
7/18/2015,10:11:00 AM,10.467
7/18/2015,10:41:00 AM,10.712
7/18/2015,11:11:00 AM,11.005
7/18/2015,11:41:00 AM,11.273
7/18/2015,12:11:00 PM,11.662
7/18/2015,12:41:00 PM,12.001
7/18/2015,1:11:00 PM,12.437
7/18/2015,1:41:00 PM,12.847
7/18/2015,2:11:00 PM,13.233
7/18/2015,2:41:00 PM,13.449
7/18/2015,3:11:00 PM,13.786
7/18/2015,3:41:00 PM,14.074
7/18/2015,4:11:00 PM,14.481
7/18/2015,4:41:00 PM,14.601
7/18/2015,5:11:00 PM,14.888
7/18/2015,5:41:00 PM,14.936
7/18/2015,6:11:00 PM,14.84
7/18/2015,6:41:00 PM,14.864
7/18/2015,7:11:00 PM,14.864
7/18/2015,7:41:00 PM,14.768
7/18/2015,8:11:00 PM,14.553
7/18/2015,8:41:00 PM,14.266
7/18/2015,9:11:00 PM,13.978
7/18/2015,9:41:00 PM,13.738
7/18/2015,10:11:00 PM,13.473
7/18/2015,10:41:00 PM,13.209
7/18/2015,11:11:00 PM,12.968
7/18/2015,11:41:00 PM,12.751
7/19/2015,12:11:00 AM,12.534
7/19/2015,12:41:00 AM,12.316
7/19/2015,1:11:00 AM,12.098
7/19/2015,1:41:00 AM,11.88
7/19/2015,2:11:00 AM,11.662
7/19/2015,2:41:00 AM,11.443
7/19/2015,3:11:00 AM,11.224
7/19/2015,3:41:00 AM,11.029
7/19/2015,4:11:00 AM,10.834
7/19/2015,4:41:00 AM,10.638
7/19/2015,5:11:00 AM,10.467
7/19/2015,5:41:00 AM,10.296
7/19/2015,6:11:00 AM,10.124
7/19/2015,6:41:00 AM,9.977
7/19/2015,7:11:00 AM,9.879
7/19/2015,7:41:00 AM,9.805
7/19/2015,8:11:00 AM,9.829
7/19/2015,8:41:00 AM,9.903
7/19/2015,9:11:00 AM,10.051
7/19/2015,9:41:00 AM,10.271
7/19/2015,10:11:00 AM,10.541
7/19/2015,10:41:00 AM,10.834
7/19/2015,11:11:00 AM,11.175
7/19/2015,11:41:00 AM,11.516
7/19/2015,12:11:00 PM,11.953
7/19/2015,12:41:00 PM,12.34
7/19/2015,1:11:00 PM,12.751
7/19/2015,1:41:00 PM,13.257
7/19/2015,2:11:00 PM,13.81
7/19/2015,2:41:00 PM,14.29
7/19/2015,3:11:00 PM,14.601
7/19/2015,3:41:00 PM,14.912
7/19/2015,4:11:00 PM,15.318
7/19/2015,4:41:00 PM,15.485
7/19/2015,5:11:00 PM,15.748
7/19/2015,5:41:00 PM,15.819
7/19/2015,6:11:00 PM,15.748
7/19/2015,6:41:00 PM,15.772
7/19/2015,7:11:00 PM,15.796
7/19/2015,7:41:00 PM,15.748
7/19/2015,8:11:00 PM,15.581
7/19/2015,8:41:00 PM,15.318
7/19/2015,9:11:00 PM,15.079
7/19/2015,9:41:00 PM,14.84
7/19/2015,10:11:00 PM,14.553
7/19/2015,10:41:00 PM,14.266
7/19/2015,11:11:00 PM,13.954
7/19/2015,11:41:00 PM,13.666
7/20/2015,12:11:00 AM,13.401
7/20/2015,12:41:00 AM,13.161
7/20/2015,1:11:00 AM,12.92
7/20/2015,1:41:00 AM,12.654
7/20/2015,2:11:00 AM,12.413
7/20/2015,2:41:00 AM,12.171
7/20/2015,3:11:00 AM,11.953
7/20/2015,3:41:00 AM,11.71
7/20/2015,4:11:00 AM,11.516
7/20/2015,4:41:00 AM,11.297
7/20/2015,5:11:00 AM,11.102
7/20/2015,5:41:00 AM,10.907
7/20/2015,6:11:00 AM,10.736
7/20/2015,6:41:00 AM,10.59
7/20/2015,7:11:00 AM,10.467
7/20/2015,7:41:00 AM,10.418
7/20/2015,8:11:00 AM,10.418
7/20/2015,8:41:00 AM,10.492
7/20/2015,9:11:00 AM,10.638
7/20/2015,9:41:00 AM,10.907
7/20/2015,10:11:00 AM,11.175
7/20/2015,10:41:00 AM,11.492
7/20/2015,11:11:00 AM,11.856
7/20/2015,11:41:00 AM,12.171
7/20/2015,12:11:00 PM,12.63
7/20/2015,12:41:00 PM,12.992
7/20/2015,1:11:00 PM,13.425
7/20/2015,1:41:00 PM,13.93
7/20/2015,2:11:00 PM,14.505
7/20/2015,2:41:00 PM,14.96
7/20/2015,3:11:00 PM,15.199
7/20/2015,3:41:00 PM,15.485
7/20/2015,4:11:00 PM,15.939
7/20/2015,4:41:00 PM,16.082
7/20/2015,5:11:00 PM,16.368
7/20/2015,5:41:00 PM,16.344
7/20/2015,6:11:00 PM,16.272
7/20/2015,6:41:00 PM,16.249
7/20/2015,7:11:00 PM,16.272
7/20/2015,7:41:00 PM,16.153
7/20/2015,8:11:00 PM,15.915
7/20/2015,8:41:00 PM,15.652
7/20/2015,9:11:00 PM,15.39
7/20/2015,9:41:00 PM,15.127
7/20/2015,10:11:00 PM,14.888
7/20/2015,10:41:00 PM,14.601
7/20/2015,11:11:00 PM,14.314
7/20/2015,11:41:00 PM,14.002
7/21/2015,12:11:00 AM,13.714
7/21/2015,12:41:00 AM,13.425
7/21/2015,1:11:00 AM,13.137
7/21/2015,1:41:00 AM,12.871
7/21/2015,2:11:00 AM,12.606
7/21/2015,2:41:00 AM,12.364
7/21/2015,3:11:00 AM,12.122
7/21/2015,3:41:00 AM,11.904
7/21/2015,4:11:00 AM,11.686
7/21/2015,4:41:00 AM,11.467
7/21/2015,5:11:00 AM,11.273
7/21/2015,5:41:00 AM,11.078
7/21/2015,6:11:00 AM,10.932
7/21/2015,6:41:00 AM,10.761
7/21/2015,7:11:00 AM,10.663
7/21/2015,7:41:00 AM,10.687
7/21/2015,8:11:00 AM,10.687
7/21/2015,8:41:00 AM,10.736
7/21/2015,9:11:00 AM,10.834
7/21/2015,9:41:00 AM,10.956
7/21/2015,10:11:00 AM,11.053
7/21/2015,10:41:00 AM,11.175
7/21/2015,11:11:00 AM,11.2
7/21/2015,11:41:00 AM,11.224
7/21/2015,12:11:00 PM,11.419
7/21/2015,12:41:00 PM,11.565
7/21/2015,1:11:00 PM,11.613
7/21/2015,1:41:00 PM,11.832
7/21/2015,2:11:00 PM,12.171
7/21/2015,2:41:00 PM,12.268
7/21/2015,3:11:00 PM,12.558
7/21/2015,3:41:00 PM,12.92
7/21/2015,4:11:00 PM,13.57
7/21/2015,4:41:00 PM,13.786
7/21/2015,5:11:00 PM,14.218
7/21/2015,5:41:00 PM,14.314
7/21/2015,6:11:00 PM,14.314
7/21/2015,6:41:00 PM,14.385
7/21/2015,7:11:00 PM,14.529
7/21/2015,7:41:00 PM,14.457
7/21/2015,8:11:00 PM,14.337
7/21/2015,8:41:00 PM,14.074
7/21/2015,9:11:00 PM,13.954
7/21/2015,9:41:00 PM,13.738
7/21/2015,10:11:00 PM,13.497
7/21/2015,10:41:00 PM,13.305
7/21/2015,11:11:00 PM,13.112
7/21/2015,11:41:00 PM,12.944
7/22/2015,12:11:00 AM,12.823
7/22/2015,12:41:00 AM,12.727
7/22/2015,1:11:00 AM,12.63
7/22/2015,1:41:00 AM,12.534
7/22/2015,2:11:00 AM,12.413
7/22/2015,2:41:00 AM,12.316
7/22/2015,3:11:00 AM,12.219
7/22/2015,3:41:00 AM,12.098
7/22/2015,4:11:00 AM,11.977
7/22/2015,4:41:00 AM,11.807
7/22/2015,5:11:00 AM,11.71
7/22/2015,5:41:00 AM,11.589
7/22/2015,6:11:00 AM,11.516
7/22/2015,6:41:00 AM,11.467
7/22/2015,7:11:00 AM,11.419
7/22/2015,7:41:00 AM,11.443
7/22/2015,8:11:00 AM,11.467
7/22/2015,8:41:00 AM,11.443
7/22/2015,9:11:00 AM,11.516
7/22/2015,9:41:00 AM,11.54
7/22/2015,10:11:00 AM,11.613
7/22/2015,10:41:00 AM,11.662
7/22/2015,11:11:00 AM,11.759
7/22/2015,11:41:00 AM,11.807
7/22/2015,12:11:00 PM,11.807
7/22/2015,12:41:00 PM,11.832
7/22/2015,1:11:00 PM,11.88
7/22/2015,1:41:00 PM,11.904
7/22/2015,2:11:00 PM,11.88
7/22/2015,2:41:00 PM,11.856
7/22/2015,3:11:00 PM,11.807
7/22/2015,3:41:00 PM,11.783
7/22/2015,4:11:00 PM,11.759
7/22/2015,4:41:00 PM,11.783
7/22/2015,5:11:00 PM,11.807
7/22/2015,5:41:00 PM,11.783
7/22/2015,6:11:00 PM,11.759
7/22/2015,6:41:00 PM,11.734
7/22/2015,7:11:00 PM,11.686
7/22/2015,7:41:00 PM,11.637
7/22/2015,8:11:00 PM,11.589
7/22/2015,8:41:00 PM,11.54
7/22/2015,9:11:00 PM,11.467
7/22/2015,9:41:00 PM,11.394
7/22/2015,10:11:00 PM,11.321
7/22/2015,10:41:00 PM,11.248
7/22/2015,11:11:00 PM,11.175
7/22/2015,11:41:00 PM,11.127
7/23/2015,12:11:00 AM,11.053
7/23/2015,12:41:00 AM,11.005
7/23/2015,1:11:00 AM,10.932
7/23/2015,1:41:00 AM,10.883
7/23/2015,2:11:00 AM,10.81
7/23/2015,2:41:00 AM,10.736
7/23/2015,3:11:00 AM,10.663
7/23/2015,3:41:00 AM,10.59
7/23/2015,4:11:00 AM,10.516
7/23/2015,4:41:00 AM,10.443
7/23/2015,5:11:00 AM,10.369
7/23/2015,5:41:00 AM,10.296
7/23/2015,6:11:00 AM,10.222
7/23/2015,6:41:00 AM,10.149
7/23/2015,7:11:00 AM,10.1
7/23/2015,7:41:00 AM,10.051
7/23/2015,8:11:00 AM,10.051
7/23/2015,8:41:00 AM,10.075
7/23/2015,9:11:00 AM,10.124
7/23/2015,9:41:00 AM,10.198
7/23/2015,10:11:00 AM,10.345
7/23/2015,10:41:00 AM,10.467
7/23/2015,11:11:00 AM,10.687
7/23/2015,11:41:00 AM,10.98
7/23/2015,12:11:00 PM,11.078
7/23/2015,12:41:00 PM,11.516
7/23/2015,1:11:00 PM,11.856
7/23/2015,1:41:00 PM,12.219
7/23/2015,2:11:00 PM,12.606
7/23/2015,2:41:00 PM,13.016
7/23/2015,3:11:00 PM,13.353
7/23/2015,3:41:00 PM,13.57
7/23/2015,4:11:00 PM,13.978
7/23/2015,4:41:00 PM,14.17
7/23/2015,5:11:00 PM,14.385
7/23/2015,5:41:00 PM,14.505
7/23/2015,6:11:00 PM,14.433
7/23/2015,6:41:00 PM,14.481
7/23/2015,7:11:00 PM,14.553
7/23/2015,7:41:00 PM,14.481
7/23/2015,8:11:00 PM,14.361
7/23/2015,8:41:00 PM,14.146
7/23/2015,9:11:00 PM,13.978
7/23/2015,9:41:00 PM,13.786
7/23/2015,10:11:00 PM,13.57
7/23/2015,10:41:00 PM,13.377
7/23/2015,11:11:00 PM,13.185
7/23/2015,11:41:00 PM,12.992
7/24/2015,12:11:00 AM,12.799
7/24/2015,12:41:00 AM,12.606
7/24/2015,1:11:00 AM,12.413
7/24/2015,1:41:00 AM,12.219
7/24/2015,2:11:00 AM,12.001
7/24/2015,2:41:00 AM,11.832
7/24/2015,3:11:00 AM,11.637
7/24/2015,3:41:00 AM,11.492
7/24/2015,4:11:00 AM,11.346
7/24/2015,4:41:00 AM,11.175
7/24/2015,5:11:00 AM,11.029
7/24/2015,5:41:00 AM,10.883
7/24/2015,6:11:00 AM,10.712
7/24/2015,6:41:00 AM,10.59
7/24/2015,7:11:00 AM,10.443
7/24/2015,7:41:00 AM,10.369
7/24/2015,8:11:00 AM,10.345
7/24/2015,8:41:00 AM,10.394
7/24/2015,9:11:00 AM,10.541
7/24/2015,9:41:00 AM,10.736
7/24/2015,10:11:00 AM,10.98
7/24/2015,10:41:00 AM,11.273
7/24/2015,11:11:00 AM,11.589
7/24/2015,11:41:00 AM,11.807
7/24/2015,12:11:00 PM,12.268
7/24/2015,12:41:00 PM,12.678
7/24/2015,1:11:00 PM,13.088
7/24/2015,1:41:00 PM,13.546
7/24/2015,2:11:00 PM,14.002
7/24/2015,2:41:00 PM,14.433
7/24/2015,3:11:00 PM,14.745
7/24/2015,3:41:00 PM,14.96
7/24/2015,4:11:00 PM,15.414
7/24/2015,4:41:00 PM,15.605
7/24/2015,5:11:00 PM,15.772
7/24/2015,5:41:00 PM,15.819
7/24/2015,6:11:00 PM,15.748
7/24/2015,6:41:00 PM,15.796
7/24/2015,7:11:00 PM,15.819
7/24/2015,7:41:00 PM,15.724
7/24/2015,8:11:00 PM,15.557
7/24/2015,8:41:00 PM,15.27
7/24/2015,9:11:00 PM,15.055
7/24/2015,9:41:00 PM,14.816
7/24/2015,10:11:00 PM,14.553
7/24/2015,10:41:00 PM,14.314
7/24/2015,11:11:00 PM,14.074
7/24/2015,11:41:00 PM,13.858
7/25/2015,12:11:00 AM,13.666
7/25/2015,12:41:00 AM,13.473
7/25/2015,1:11:00 AM,13.305
7/25/2015,1:41:00 AM,13.137
7/25/2015,2:11:00 AM,12.968
7/25/2015,2:41:00 AM,12.775
7/25/2015,3:11:00 AM,12.606
7/25/2015,3:41:00 AM,12.461
7/25/2015,4:11:00 AM,12.316
7/25/2015,4:41:00 AM,12.195
7/25/2015,5:11:00 AM,12.05
7/25/2015,5:41:00 AM,11.929
7/25/2015,6:11:00 AM,11.807
7/25/2015,6:41:00 AM,11.686
7/25/2015,7:11:00 AM,11.589
7/25/2015,7:41:00 AM,11.54
7/25/2015,8:11:00 AM,11.516
7/25/2015,8:41:00 AM,11.565
7/25/2015,9:11:00 AM,11.734
7/25/2015,9:41:00 AM,11.807
7/25/2015,10:11:00 AM,11.977
7/25/2015,10:41:00 AM,12.316
7/25/2015,11:11:00 AM,12.413
7/25/2015,11:41:00 AM,12.63
7/25/2015,12:11:00 PM,12.944
7/25/2015,12:41:00 PM,13.088
7/25/2015,1:11:00 PM,13.185
7/25/2015,1:41:00 PM,13.353
7/25/2015,2:11:00 PM,13.546
7/25/2015,2:41:00 PM,13.642
7/25/2015,3:11:00 PM,13.69
7/25/2015,3:41:00 PM,13.738
7/25/2015,4:11:00 PM,13.738
7/25/2015,4:41:00 PM,13.69
7/25/2015,5:11:00 PM,13.57
7/25/2015,5:41:00 PM,13.473
7/25/2015,6:11:00 PM,13.353
7/25/2015,6:41:00 PM,13.257
7/25/2015,7:11:00 PM,13.137
7/25/2015,7:41:00 PM,13.04
7/25/2015,8:11:00 PM,12.92
7/25/2015,8:41:00 PM,12.823
7/25/2015,9:11:00 PM,12.727
7/25/2015,9:41:00 PM,12.606
7/25/2015,10:11:00 PM,12.485
7/25/2015,10:41:00 PM,12.364
7/25/2015,11:11:00 PM,12.243
7/25/2015,11:41:00 PM,12.147
7/26/2015,12:11:00 AM,12.05
7/26/2015,12:41:00 AM,11.953
7/26/2015,1:11:00 AM,11.88
7/26/2015,1:41:00 AM,11.783
7/26/2015,2:11:00 AM,11.71
7/26/2015,2:41:00 AM,11.662
7/26/2015,3:11:00 AM,11.565
7/26/2015,3:41:00 AM,11.516
7/26/2015,4:11:00 AM,11.443
7/26/2015,4:41:00 AM,11.394
7/26/2015,5:11:00 AM,11.321
7/26/2015,5:41:00 AM,11.273
7/26/2015,6:11:00 AM,11.224
7/26/2015,6:41:00 AM,11.151
7/26/2015,7:11:00 AM,11.102
7/26/2015,7:41:00 AM,11.078
7/26/2015,8:11:00 AM,11.053
7/26/2015,8:41:00 AM,11.053
7/26/2015,9:11:00 AM,11.078
7/26/2015,9:41:00 AM,11.029
7/26/2015,10:11:00 AM,11.273
7/26/2015,10:41:00 AM,11.419
7/26/2015,11:11:00 AM,11.516
7/26/2015,11:41:00 AM,11.88
7/26/2015,12:05:00 PM,
7/26/2015,12:05:00 PM,
7/26/2015,12:11:00 PM,12.219
7/26/2015,12:41:00 PM,12.292
7/26/2015,1:11:00 PM,12.413
7/26/2015,1:41:00 PM,12.775
7/26/2015,2:11:00 PM,12.896
7/26/2015,2:41:00 PM,13.088
7/26/2015,3:11:00 PM,13.281
7/26/2015,3:41:00 PM,13.425
7/26/2015,4:11:00 PM,13.497
7/26/2015,4:41:00 PM,13.618
7/26/2015,5:11:00 PM,13.738
7/26/2015,5:41:00 PM,13.762
7/26/2015,6:11:00 PM,13.786
7/26/2015,6:41:00 PM,13.786
7/26/2015,7:11:00 PM,13.714
7/26/2015,7:41:00 PM,13.666
7/26/2015,8:11:00 PM,13.594
7/26/2015,8:41:00 PM,13.449
7/26/2015,9:11:00 PM,13.305
7/26/2015,9:41:00 PM,13.112
7/26/2015,10:11:00 PM,12.944
7/26/2015,10:41:00 PM,12.799
7/26/2015,11:11:00 PM,12.654
7/26/2015,11:41:00 PM,12.534
7/27/2015,12:11:00 AM,12.389
7/27/2015,12:41:00 AM,12.292
7/27/2015,1:11:00 AM,12.171
7/27/2015,1:41:00 AM,12.05
7/27/2015,2:11:00 AM,11.929
7/27/2015,2:41:00 AM,11.807
7/27/2015,3:11:00 AM,11.686
7/27/2015,3:41:00 AM,11.565
7/27/2015,4:11:00 AM,11.443
7/27/2015,4:41:00 AM,11.321
7/27/2015,5:11:00 AM,11.2
7/27/2015,5:41:00 AM,11.078
7/27/2015,6:11:00 AM,10.932
7/27/2015,6:41:00 AM,10.834
7/27/2015,7:11:00 AM,10.785
7/27/2015,7:41:00 AM,10.736
7/27/2015,8:11:00 AM,10.81
7/27/2015,8:41:00 AM,10.834
7/27/2015,9:11:00 AM,10.907
7/27/2015,9:41:00 AM,11.029
7/27/2015,10:11:00 AM,11.297
7/27/2015,10:41:00 AM,11.516
7/27/2015,11:11:00 AM,11.807
7/27/2015,11:41:00 AM,12.025
7/27/2015,12:11:00 PM,12.461
7/27/2015,12:41:00 PM,12.823
7/27/2015,1:11:00 PM,13.257
7/27/2015,1:41:00 PM,13.618
7/27/2015,2:11:00 PM,14.17
7/27/2015,2:41:00 PM,14.553
7/27/2015,3:11:00 PM,14.84
7/27/2015,3:41:00 PM,14.984
7/27/2015,4:11:00 PM,15.39
7/27/2015,4:41:00 PM,15.7
7/27/2015,5:11:00 PM,15.843
7/27/2015,5:41:00 PM,15.796
7/27/2015,6:11:00 PM,15.652
7/27/2015,6:41:00 PM,15.652
7/27/2015,7:11:00 PM,15.629
7/27/2015,7:41:00 PM,15.533
7/27/2015,8:11:00 PM,15.342
7/27/2015,8:41:00 PM,15.127
7/27/2015,9:11:00 PM,14.888
7/27/2015,9:41:00 PM,14.649
7/27/2015,10:11:00 PM,14.361
7/27/2015,10:41:00 PM,14.122
7/27/2015,11:11:00 PM,13.882
7/27/2015,11:41:00 PM,13.666
7/28/2015,12:11:00 AM,13.497
7/28/2015,12:41:00 AM,13.281
7/28/2015,1:11:00 AM,13.064
7/28/2015,1:41:00 AM,12.871
7/28/2015,2:11:00 AM,12.678
7/28/2015,2:41:00 AM,12.485
7/28/2015,3:11:00 AM,12.34
7/28/2015,3:41:00 AM,12.171
7/28/2015,4:11:00 AM,12.05
7/28/2015,4:41:00 AM,11.929
7/28/2015,5:11:00 AM,11.832
7/28/2015,5:41:00 AM,11.759
7/28/2015,6:11:00 AM,11.71
7/28/2015,6:41:00 AM,11.686
7/28/2015,7:11:00 AM,11.686
7/28/2015,7:41:00 AM,11.686
7/28/2015,8:11:00 AM,11.734
7/28/2015,8:41:00 AM,11.904
7/28/2015,9:11:00 AM,12.122
7/28/2015,9:41:00 AM,12.195
7/28/2015,10:11:00 AM,12.34
7/28/2015,10:41:00 AM,12.509
7/28/2015,11:11:00 AM,12.727
7/28/2015,11:41:00 AM,12.871
7/28/2015,12:11:00 PM,13.185
7/28/2015,12:41:00 PM,13.594
7/28/2015,1:11:00 PM,13.954
7/28/2015,1:41:00 PM,14.314
7/28/2015,2:11:00 PM,14.792
7/28/2015,2:41:00 PM,15.294
7/28/2015,3:11:00 PM,15.39
7/28/2015,3:41:00 PM,15.581
7/28/2015,4:11:00 PM,15.986
7/28/2015,4:41:00 PM,16.129
7/28/2015,5:11:00 PM,15.986
7/28/2015,5:41:00 PM,15.891
7/28/2015,6:11:00 PM,15.843
7/28/2015,6:41:00 PM,15.796
7/28/2015,7:11:00 PM,15.748
7/28/2015,7:41:00 PM,15.629
7/28/2015,8:11:00 PM,15.438
7/28/2015,8:41:00 PM,15.27
7/28/2015,9:11:00 PM,15.055
7/28/2015,9:41:00 PM,14.888
7/28/2015,10:11:00 PM,14.721
7/28/2015,10:41:00 PM,14.553
7/28/2015,11:11:00 PM,14.385
7/28/2015,11:41:00 PM,14.218
7/29/2015,12:11:00 AM,14.026
7/29/2015,12:41:00 AM,13.858
7/29/2015,1:11:00 AM,13.714
7/29/2015,1:41:00 AM,13.57
7/29/2015,2:11:00 AM,13.449
7/29/2015,2:41:00 AM,13.329
7/29/2015,3:11:00 AM,13.233
7/29/2015,3:41:00 AM,13.137
7/29/2015,4:11:00 AM,13.04
7/29/2015,4:41:00 AM,12.944
7/29/2015,5:11:00 AM,12.847
7/29/2015,5:41:00 AM,12.775
7/29/2015,6:11:00 AM,12.678
7/29/2015,6:41:00 AM,12.63
7/29/2015,7:11:00 AM,12.606
7/29/2015,7:41:00 AM,12.606
7/29/2015,8:11:00 AM,12.63
7/29/2015,8:41:00 AM,12.63
7/29/2015,9:11:00 AM,12.654
7/29/2015,9:41:00 AM,12.703
7/29/2015,10:11:00 AM,12.823
7/29/2015,10:41:00 AM,12.871
7/29/2015,11:11:00 AM,12.92
7/29/2015,11:41:00 AM,12.992
7/29/2015,12:11:00 PM,13.016
7/29/2015,12:41:00 PM,12.992
7/29/2015,1:11:00 PM,12.968
7/29/2015,1:41:00 PM,12.992
7/29/2015,2:11:00 PM,13.064
7/29/2015,2:41:00 PM,13.088
7/29/2015,3:11:00 PM,13.257
7/29/2015,3:41:00 PM,13.329
7/29/2015,4:11:00 PM,13.546
7/29/2015,4:41:00 PM,13.594
7/29/2015,5:11:00 PM,13.594
7/29/2015,5:41:00 PM,13.57
7/29/2015,6:11:00 PM,13.546
7/29/2015,6:41:00 PM,13.666
7/29/2015,7:11:00 PM,13.594
7/29/2015,7:41:00 PM,13.425
7/29/2015,8:11:00 PM,13.377
7/29/2015,8:41:00 PM,13.185
7/29/2015,9:11:00 PM,12.944
7/29/2015,9:41:00 PM,12.63
7/29/2015,10:11:00 PM,12.316
7/29/2015,10:41:00 PM,12.05
7/29/2015,11:11:00 PM,11.734
7/29/2015,11:41:00 PM,11.419
7/30/2015,12:11:00 AM,11.175
7/30/2015,12:41:00 AM,10.956
7/30/2015,1:11:00 AM,10.736
7/30/2015,1:41:00 AM,10.565
7/30/2015,2:11:00 AM,10.418
7/30/2015,2:41:00 AM,10.296
7/30/2015,3:11:00 AM,10.198
7/30/2015,3:41:00 AM,10.1
7/30/2015,4:11:00 AM,10.026
7/30/2015,4:41:00 AM,9.952
7/30/2015,5:11:00 AM,9.854
7/30/2015,5:41:00 AM,9.78
7/30/2015,6:11:00 AM,9.731
7/30/2015,6:41:00 AM,9.706
7/30/2015,7:11:00 AM,9.706
7/30/2015,7:41:00 AM,9.731
7/30/2015,8:11:00 AM,9.756
7/30/2015,8:41:00 AM,9.805
7/30/2015,9:11:00 AM,9.879
7/30/2015,9:41:00 AM,9.952
7/30/2015,10:11:00 AM,10.075
7/30/2015,10:41:00 AM,10.222
7/30/2015,11:11:00 AM,10.467
7/30/2015,11:41:00 AM,10.687
7/30/2015,12:11:00 PM,10.98
7/30/2015,12:41:00 PM,11.151
7/30/2015,1:11:00 PM,11.419
7/30/2015,1:41:00 PM,11.54
7/30/2015,2:11:00 PM,11.977
7/30/2015,2:41:00 PM,12.219
7/30/2015,3:11:00 PM,12.364
7/30/2015,3:41:00 PM,12.413
7/30/2015,4:11:00 PM,12.509
7/30/2015,4:41:00 PM,12.63
7/30/2015,5:11:00 PM,12.727
7/30/2015,5:41:00 PM,12.823
7/30/2015,6:11:00 PM,12.847
7/30/2015,6:41:00 PM,12.847
7/30/2015,7:11:00 PM,12.847
7/30/2015,7:41:00 PM,12.871
7/30/2015,8:11:00 PM,12.92
7/30/2015,8:41:00 PM,12.92
7/30/2015,9:11:00 PM,12.823
7/30/2015,9:41:00 PM,12.727
7/30/2015,10:11:00 PM,12.582
7/30/2015,10:41:00 PM,12.413
7/30/2015,11:11:00 PM,12.219
7/30/2015,11:41:00 PM,12.025
7/31/2015,12:11:00 AM,11.832
7/31/2015,12:41:00 AM,11.637
7/31/2015,1:11:00 AM,11.443
7/31/2015,1:41:00 AM,11.273
7/31/2015,2:11:00 AM,11.078
7/31/2015,2:41:00 AM,10.907
7/31/2015,3:11:00 AM,10.736
7/31/2015,3:41:00 AM,10.541
7/31/2015,4:11:00 AM,10.345
7/31/2015,4:41:00 AM,10.173
7/31/2015,5:11:00 AM,9.977
7/31/2015,5:41:00 AM,9.805
7/31/2015,6:11:00 AM,9.632
7/31/2015,6:41:00 AM,9.46
7/31/2015,7:11:00 AM,9.336
7/31/2015,7:41:00 AM,9.213
7/31/2015,8:11:00 AM,9.213
7/31/2015,8:41:00 AM,9.238
7/31/2015,9:11:00 AM,9.336
7/31/2015,9:41:00 AM,9.509
7/31/2015,10:11:00 AM,9.706
7/31/2015,10:41:00 AM,9.928
7/31/2015,11:11:00 AM,10.198
7/31/2015,11:41:00 AM,10.443
7/31/2015,12:11:00 PM,10.858
7/31/2015,12:41:00 PM,11.248
7/31/2015,1:11:00 PM,11.686
7/31/2015,1:41:00 PM,12.171
7/31/2015,2:11:00 PM,12.654
7/31/2015,2:41:00 PM,13.112
7/31/2015,3:11:00 PM,13.473
7/31/2015,3:41:00 PM,13.786
7/31/2015,4:11:00 PM,14.242
7/31/2015,4:41:00 PM,14.529
7/31/2015,5:11:00 PM,14.745
7/31/2015,5:41:00 PM,14.792
7/31/2015,6:11:00 PM,14.816
7/31/2015,6:41:00 PM,14.888
7/31/2015,7:11:00 PM,14.936
7/31/2015,7:41:00 PM,14.888
7/31/2015,8:11:00 PM,14.768
7/31/2015,8:41:00 PM,14.529
7/31/2015,9:11:00 PM,14.361
7/31/2015,9:41:00 PM,14.17
7/31/2015,10:11:00 PM,13.954
7/31/2015,10:41:00 PM,13.738
7/31/2015,11:11:00 PM,13.522
7/31/2015,11:41:00 PM,13.353
8/1/2015,12:11:00 AM,13.161
8/1/2015,12:41:00 AM,12.944
8/1/2015,1:11:00 AM,12.751
8/1/2015,1:41:00 AM,12.558
8/1/2015,2:11:00 AM,12.389
8/1/2015,2:41:00 AM,12.195
8/1/2015,3:11:00 AM,12.001
8/1/2015,3:41:00 AM,11.832
8/1/2015,4:11:00 AM,11.686
8/1/2015,4:41:00 AM,11.516
8/1/2015,5:11:00 AM,11.37
8/1/2015,5:41:00 AM,11.248
8/1/2015,6:11:00 AM,11.127
8/1/2015,6:41:00 AM,11.005
8/1/2015,7:11:00 AM,10.907
8/1/2015,7:41:00 AM,10.81
8/1/2015,8:11:00 AM,10.785
8/1/2015,8:41:00 AM,10.834
8/1/2015,9:11:00 AM,10.956
8/1/2015,9:41:00 AM,11.102
8/1/2015,10:11:00 AM,11.321
8/1/2015,10:41:00 AM,11.54
8/1/2015,11:11:00 AM,11.807
8/1/2015,11:41:00 AM,12.025
8/1/2015,12:11:00 PM,12.461
8/1/2015,12:41:00 PM,12.847
8/1/2015,1:11:00 PM,13.257
8/1/2015,1:41:00 PM,13.69
8/1/2015,2:11:00 PM,14.146
8/1/2015,2:41:00 PM,14.553
8/1/2015,3:11:00 PM,14.936
8/1/2015,3:41:00 PM,15.175
8/1/2015,4:11:00 PM,15.605
8/1/2015,4:41:00 PM,15.819
8/1/2015,5:11:00 PM,15.963
8/1/2015,5:41:00 PM,15.891
8/1/2015,6:11:00 PM,15.867
8/1/2015,6:41:00 PM,15.891
8/1/2015,7:11:00 PM,15.891
8/1/2015,7:41:00 PM,15.796
8/1/2015,8:11:00 PM,15.629
8/1/2015,8:41:00 PM,15.39
8/1/2015,9:11:00 PM,15.175
8/1/2015,9:41:00 PM,14.96
8/1/2015,10:11:00 PM,14.697
8/1/2015,10:41:00 PM,14.433
8/1/2015,11:11:00 PM,14.17
8/1/2015,11:41:00 PM,13.954
8/2/2015,12:11:00 AM,13.762
8/2/2015,12:41:00 AM,13.57
8/2/2015,1:11:00 AM,13.377
8/2/2015,1:41:00 AM,13.185
8/2/2015,2:11:00 AM,12.992
8/2/2015,2:41:00 AM,12.823
8/2/2015,3:11:00 AM,12.654
8/2/2015,3:41:00 AM,12.485
8/2/2015,4:11:00 AM,12.292
8/2/2015,4:41:00 AM,12.122
8/2/2015,5:11:00 AM,11.929
8/2/2015,5:41:00 AM,11.734
8/2/2015,6:11:00 AM,11.565
8/2/2015,6:41:00 AM,11.394
8/2/2015,7:11:00 AM,11.273
8/2/2015,7:41:00 AM,11.175
8/2/2015,8:11:00 AM,11.102
8/2/2015,8:41:00 AM,11.175
8/2/2015,9:11:00 AM,11.273
8/2/2015,9:41:00 AM,11.467
8/2/2015,10:11:00 AM,11.686
8/2/2015,10:41:00 AM,11.904
8/2/2015,11:11:00 AM,12.147
8/2/2015,11:41:00 AM,12.389
8/2/2015,12:11:00 PM,12.775
8/2/2015,12:41:00 PM,13.064
8/2/2015,1:11:00 PM,13.473
8/2/2015,1:41:00 PM,13.834
8/2/2015,2:11:00 PM,14.314
8/2/2015,2:41:00 PM,14.697
8/2/2015,3:11:00 PM,14.984
8/2/2015,3:41:00 PM,15.199
8/2/2015,4:11:00 PM,15.533
8/2/2015,4:41:00 PM,15.772
8/2/2015,5:11:00 PM,15.891
8/2/2015,5:41:00 PM,15.748
8/2/2015,6:11:00 PM,15.748
8/2/2015,6:41:00 PM,15.7
8/2/2015,7:11:00 PM,15.724
8/2/2015,7:41:00 PM,15.629
8/2/2015,8:11:00 PM,15.461
8/2/2015,8:41:00 PM,15.199
8/2/2015,9:11:00 PM,14.984
8/2/2015,9:41:00 PM,14.745
8/2/2015,10:11:00 PM,14.481
8/2/2015,10:41:00 PM,14.194
8/2/2015,11:11:00 PM,13.93
8/2/2015,11:41:00 PM,13.666
8/3/2015,12:11:00 AM,13.425
8/3/2015,12:41:00 AM,13.185
8/3/2015,1:11:00 AM,12.968
8/3/2015,1:41:00 AM,12.727
8/3/2015,2:11:00 AM,12.509
8/3/2015,2:41:00 AM,12.316
8/3/2015,3:11:00 AM,12.122
8/3/2015,3:41:00 AM,11.929
8/3/2015,4:11:00 AM,11.734
8/3/2015,4:41:00 AM,11.565
8/3/2015,5:11:00 AM,11.37
8/3/2015,5:41:00 AM,11.224
8/3/2015,6:11:00 AM,11.053
8/3/2015,6:41:00 AM,10.907
8/3/2015,7:11:00 AM,10.785
8/3/2015,7:41:00 AM,10.687
8/3/2015,8:11:00 AM,10.663
8/3/2015,8:41:00 AM,10.761
8/3/2015,9:11:00 AM,10.907
8/3/2015,9:41:00 AM,11.102
8/3/2015,10:11:00 AM,11.321
8/3/2015,10:41:00 AM,11.613
8/3/2015,11:11:00 AM,11.929
8/3/2015,11:41:00 AM,12.195
8/3/2015,12:11:00 PM,12.678
8/3/2015,12:41:00 PM,13.064
8/3/2015,1:11:00 PM,13.497
8/3/2015,1:41:00 PM,13.978
8/3/2015,2:11:00 PM,14.457
8/3/2015,2:41:00 PM,14.888
8/3/2015,3:11:00 PM,15.223
8/3/2015,3:41:00 PM,15.485
8/3/2015,4:11:00 PM,15.819
8/3/2015,4:41:00 PM,16.106
8/3/2015,5:11:00 PM,16.225
8/3/2015,5:41:00 PM,16.058
8/3/2015,6:11:00 PM,16.034
8/3/2015,6:41:00 PM,15.986
8/3/2015,7:11:00 PM,16.01
8/3/2015,7:41:00 PM,15.891
8/3/2015,8:11:00 PM,15.724
8/3/2015,8:41:00 PM,15.509
8/3/2015,9:11:00 PM,15.294
8/3/2015,9:41:00 PM,15.031
8/3/2015,10:11:00 PM,14.768
8/3/2015,10:41:00 PM,14.481
8/3/2015,11:11:00 PM,14.218
8/3/2015,11:41:00 PM,13.93
8/4/2015,12:11:00 AM,13.69
8/4/2015,12:41:00 AM,13.449
8/4/2015,1:11:00 AM,13.209
8/4/2015,1:41:00 AM,12.968
8/4/2015,2:11:00 AM,12.727
8/4/2015,2:41:00 AM,12.509
8/4/2015,3:11:00 AM,12.292
8/4/2015,3:41:00 AM,12.074
8/4/2015,4:11:00 AM,11.856
8/4/2015,4:41:00 AM,11.637
8/4/2015,5:11:00 AM,11.492
8/4/2015,5:41:00 AM,11.37
8/4/2015,6:11:00 AM,11.248
8/4/2015,6:41:00 AM,11.127
8/4/2015,7:11:00 AM,11.005
8/4/2015,7:41:00 AM,10.907
8/4/2015,8:11:00 AM,10.834
8/4/2015,8:41:00 AM,10.883
8/4/2015,9:11:00 AM,10.956
8/4/2015,9:41:00 AM,11.151
8/4/2015,10:11:00 AM,11.394
8/4/2015,10:41:00 AM,11.662
8/4/2015,11:11:00 AM,11.977
8/4/2015,11:41:00 AM,12.243
8/4/2015,12:11:00 PM,12.678
8/4/2015,12:41:00 PM,12.896
8/4/2015,1:11:00 PM,13.137
8/4/2015,1:41:00 PM,13.353
8/4/2015,2:11:00 PM,13.642
8/4/2015,2:41:00 PM,13.834
8/4/2015,3:11:00 PM,13.93
8/4/2015,3:41:00 PM,14.122
8/4/2015,4:11:00 PM,14.385
8/4/2015,4:41:00 PM,14.553
8/4/2015,5:11:00 PM,14.649
8/4/2015,5:41:00 PM,14.649
8/4/2015,6:11:00 PM,14.649
8/4/2015,6:41:00 PM,14.649
8/4/2015,7:11:00 PM,14.577
8/4/2015,7:41:00 PM,14.529
8/4/2015,8:11:00 PM,14.409
8/4/2015,8:41:00 PM,14.266
8/4/2015,9:11:00 PM,14.074
8/4/2015,9:41:00 PM,13.882
8/4/2015,10:11:00 PM,13.69
8/4/2015,10:41:00 PM,13.522
8/4/2015,11:11:00 PM,13.329
8/4/2015,11:41:00 PM,13.112
8/5/2015,12:11:00 AM,12.871
8/5/2015,12:41:00 AM,12.654
8/5/2015,1:11:00 AM,12.437
8/5/2015,1:41:00 AM,12.243
8/5/2015,2:11:00 AM,12.074
8/5/2015,2:41:00 AM,11.953
8/5/2015,3:11:00 AM,11.856
8/5/2015,3:41:00 AM,11.783
8/5/2015,4:11:00 AM,11.71
8/5/2015,4:41:00 AM,11.662
8/5/2015,5:11:00 AM,11.637
8/5/2015,5:41:00 AM,11.589
8/5/2015,6:11:00 AM,11.565
8/5/2015,6:41:00 AM,11.54
8/5/2015,7:11:00 AM,11.54
8/5/2015,7:41:00 AM,11.54
8/5/2015,8:11:00 AM,11.565
8/5/2015,8:41:00 AM,11.637
8/5/2015,9:11:00 AM,11.734
8/5/2015,9:41:00 AM,11.856
8/5/2015,10:11:00 AM,12.05
8/5/2015,10:41:00 AM,12.268
8/5/2015,11:11:00 AM,12.582
8/5/2015,11:41:00 AM,12.823
8/5/2015,12:11:00 PM,13.257
8/5/2015,12:41:00 PM,13.594
8/5/2015,1:11:00 PM,13.954
8/5/2015,1:41:00 PM,13.882
8/5/2015,2:11:00 PM,14.122
8/5/2015,2:41:00 PM,14.649
8/5/2015,3:11:00 PM,14.577
8/5/2015,3:41:00 PM,14.84
8/5/2015,4:11:00 PM,15.103
8/5/2015,4:41:00 PM,15.199
8/5/2015,5:11:00 PM,15.247
8/5/2015,5:41:00 PM,15.199
8/5/2015,6:11:00 PM,15.127
8/5/2015,6:41:00 PM,14.984
8/5/2015,7:11:00 PM,14.936
8/5/2015,7:41:00 PM,14.84
8/5/2015,8:11:00 PM,14.625
8/5/2015,8:41:00 PM,14.409
8/5/2015,9:11:00 PM,14.194
8/5/2015,9:41:00 PM,14.002
8/5/2015,10:11:00 PM,13.762
8/5/2015,10:41:00 PM,13.497
8/5/2015,11:11:00 PM,13.257
8/5/2015,11:41:00 PM,13.016
8/6/2015,12:11:00 AM,12.751
8/6/2015,12:41:00 AM,12.534
8/6/2015,1:11:00 AM,12.292
8/6/2015,1:41:00 AM,12.074
8/6/2015,2:11:00 AM,11.856
8/6/2015,2:41:00 AM,11.662
8/6/2015,3:11:00 AM,11.492
8/6/2015,3:41:00 AM,11.321
8/6/2015,4:11:00 AM,11.151
8/6/2015,4:41:00 AM,10.98
8/6/2015,5:11:00 AM,10.81
8/6/2015,5:41:00 AM,10.663
8/6/2015,6:11:00 AM,10.516
8/6/2015,6:41:00 AM,10.369
8/6/2015,7:11:00 AM,10.247
8/6/2015,7:41:00 AM,10.173
8/6/2015,8:11:00 AM,10.124
8/6/2015,8:41:00 AM,10.271
8/6/2015,9:11:00 AM,10.394
8/6/2015,9:41:00 AM,10.614
8/6/2015,10:11:00 AM,10.858
8/6/2015,10:41:00 AM,11.175
8/6/2015,11:11:00 AM,11.492
8/6/2015,11:41:00 AM,11.783
8/6/2015,12:11:00 PM,12.243
8/6/2015,12:41:00 PM,12.63
8/6/2015,1:11:00 PM,13.064
8/6/2015,1:41:00 PM,13.546
8/6/2015,2:11:00 PM,14.074
8/6/2015,2:41:00 PM,14.577
8/6/2015,3:11:00 PM,14.888
8/6/2015,3:41:00 PM,15.151
8/6/2015,4:11:00 PM,15.39
8/6/2015,4:41:00 PM,15.605
8/6/2015,5:11:00 PM,15.652
8/6/2015,5:41:00 PM,15.605
8/6/2015,6:11:00 PM,15.605
8/6/2015,6:41:00 PM,15.581
8/6/2015,7:11:00 PM,15.509
8/6/2015,7:41:00 PM,15.438
8/6/2015,8:11:00 PM,15.342
8/6/2015,8:41:00 PM,15.223
8/6/2015,9:11:00 PM,15.079
8/6/2015,9:41:00 PM,14.888
8/6/2015,10:11:00 PM,14.697
8/6/2015,10:41:00 PM,14.505
8/6/2015,11:11:00 PM,14.266
8/6/2015,11:41:00 PM,14.05
8/7/2015,12:11:00 AM,13.834
8/7/2015,12:41:00 AM,13.594
8/7/2015,1:11:00 AM,13.377
8/7/2015,1:41:00 AM,13.161
8/7/2015,2:11:00 AM,12.944
8/7/2015,2:41:00 AM,12.751
8/7/2015,3:11:00 AM,12.558
8/7/2015,3:41:00 AM,12.389
8/7/2015,4:11:00 AM,12.195
8/7/2015,4:41:00 AM,12.025
8/7/2015,5:11:00 AM,11.856
8/7/2015,5:41:00 AM,11.71
8/7/2015,6:11:00 AM,11.565
8/7/2015,6:41:00 AM,11.419
8/7/2015,7:11:00 AM,11.321
8/7/2015,7:41:00 AM,11.248
8/7/2015,8:11:00 AM,11.2
8/7/2015,8:41:00 AM,11.297
8/7/2015,9:11:00 AM,11.467
8/7/2015,9:41:00 AM,11.662
8/7/2015,10:11:00 AM,11.904
8/7/2015,10:41:00 AM,12.171
8/7/2015,11:11:00 AM,12.509
8/7/2015,11:41:00 AM,12.799
8/7/2015,12:11:00 PM,13.305
8/7/2015,12:41:00 PM,13.714
8/7/2015,1:11:00 PM,14.17
8/7/2015,1:41:00 PM,14.649
8/7/2015,2:11:00 PM,15.151
8/7/2015,2:41:00 PM,15.581
8/7/2015,3:11:00 PM,15.915
8/7/2015,3:41:00 PM,16.225
8/7/2015,4:11:00 PM,16.511
8/7/2015,4:41:00 PM,16.725
8/7/2015,5:11:00 PM,16.773
8/7/2015,5:41:00 PM,16.558
8/7/2015,6:11:00 PM,16.511
8/7/2015,6:41:00 PM,16.439
8/7/2015,7:11:00 PM,16.392
8/7/2015,7:41:00 PM,16.296
8/7/2015,8:11:00 PM,16.058
8/7/2015,8:41:00 PM,15.843
8/7/2015,9:11:00 PM,15.629
8/7/2015,9:41:00 PM,15.366
8/7/2015,10:11:00 PM,15.055
8/7/2015,10:41:00 PM,14.768
8/7/2015,11:11:00 PM,14.505
8/7/2015,11:41:00 PM,14.266
8/8/2015,12:11:00 AM,14.002
8/8/2015,12:41:00 AM,13.786
8/8/2015,1:11:00 AM,13.594
8/8/2015,1:41:00 AM,13.401
8/8/2015,2:11:00 AM,13.233
8/8/2015,2:41:00 AM,13.064
8/8/2015,3:11:00 AM,12.92
8/8/2015,3:41:00 AM,12.751
8/8/2015,4:11:00 AM,12.606
8/8/2015,4:41:00 AM,12.461
8/8/2015,5:11:00 AM,12.316
8/8/2015,5:41:00 AM,12.219
8/8/2015,6:11:00 AM,12.122
8/8/2015,6:41:00 AM,12.05
8/8/2015,7:11:00 AM,11.953
8/8/2015,7:41:00 AM,11.904
8/8/2015,8:11:00 AM,11.856
8/8/2015,8:41:00 AM,11.904
8/8/2015,9:11:00 AM,11.953
8/8/2015,9:41:00 AM,12.074
8/8/2015,10:11:00 AM,12.243
8/8/2015,10:41:00 AM,12.485
8/8/2015,11:11:00 AM,12.727
8/8/2015,11:41:00 AM,12.896
8/8/2015,12:11:00 PM,13.161
8/8/2015,12:41:00 PM,13.473
8/8/2015,1:11:00 PM,13.762
8/8/2015,1:41:00 PM,13.906
8/8/2015,2:11:00 PM,14.026
8/8/2015,2:41:00 PM,13.978
8/8/2015,3:11:00 PM,13.93
8/8/2015,3:41:00 PM,13.978
8/8/2015,4:11:00 PM,13.954
8/8/2015,4:41:00 PM,13.906
8/8/2015,5:11:00 PM,13.93
8/8/2015,5:41:00 PM,13.93
8/8/2015,6:11:00 PM,13.906
8/8/2015,6:41:00 PM,13.858
8/8/2015,7:11:00 PM,13.786
8/8/2015,7:41:00 PM,13.738
8/8/2015,8:11:00 PM,13.642
8/8/2015,8:41:00 PM,13.57
8/8/2015,9:11:00 PM,13.449
8/8/2015,9:41:00 PM,13.329
8/8/2015,10:11:00 PM,13.209
8/8/2015,10:41:00 PM,13.112
8/8/2015,11:11:00 PM,12.992
8/8/2015,11:41:00 PM,12.871
8/9/2015,12:11:00 AM,12.775
8/9/2015,12:41:00 AM,12.678
8/9/2015,1:11:00 AM,12.582
8/9/2015,1:41:00 AM,12.485
8/9/2015,2:11:00 AM,12.413
8/9/2015,2:41:00 AM,12.34
8/9/2015,3:11:00 AM,12.292
8/9/2015,3:41:00 AM,12.219
8/9/2015,4:11:00 AM,12.171
8/9/2015,4:41:00 AM,12.122
8/9/2015,5:11:00 AM,12.074
8/9/2015,5:41:00 AM,12.025
8/9/2015,6:11:00 AM,11.977
8/9/2015,6:41:00 AM,11.953
8/9/2015,7:11:00 AM,11.904
8/9/2015,7:41:00 AM,11.88
8/9/2015,8:11:00 AM,11.904
8/9/2015,8:41:00 AM,11.904
8/9/2015,9:11:00 AM,11.929
8/9/2015,9:41:00 AM,11.977
8/9/2015,10:11:00 AM,12.05
8/9/2015,10:41:00 AM,12.098
8/9/2015,11:11:00 AM,12.171
8/9/2015,11:41:00 AM,12.292
8/9/2015,12:11:00 PM,12.364
8/9/2015,12:41:00 PM,12.534
8/9/2015,1:11:00 PM,12.63
8/9/2015,1:41:00 PM,12.823
8/9/2015,2:11:00 PM,12.92
8/9/2015,2:41:00 PM,13.088
8/9/2015,3:11:00 PM,13.425
8/9/2015,3:41:00 PM,13.497
8/9/2015,4:11:00 PM,13.57
8/9/2015,4:41:00 PM,13.618
8/9/2015,5:11:00 PM,13.57
8/9/2015,5:41:00 PM,13.546
8/9/2015,6:11:00 PM,13.473
8/9/2015,6:41:00 PM,13.449
8/9/2015,7:11:00 PM,13.473
8/9/2015,7:41:00 PM,13.449
8/9/2015,8:11:00 PM,13.377
8/9/2015,8:41:00 PM,13.305
8/9/2015,9:11:00 PM,13.209
8/9/2015,9:41:00 PM,13.112
8/9/2015,10:11:00 PM,12.968
8/9/2015,10:41:00 PM,12.799
8/9/2015,11:11:00 PM,12.63
8/9/2015,11:41:00 PM,12.461
8/10/2015,12:11:00 AM,12.316
8/10/2015,12:41:00 AM,12.147
8/10/2015,1:11:00 AM,12.001
8/10/2015,1:41:00 AM,11.856
8/10/2015,2:11:00 AM,11.734
8/10/2015,2:41:00 AM,11.613
8/10/2015,3:11:00 AM,11.516
8/10/2015,3:41:00 AM,11.419
8/10/2015,4:11:00 AM,11.321
8/10/2015,4:41:00 AM,11.248
8/10/2015,5:11:00 AM,11.175
8/10/2015,5:41:00 AM,11.102
8/10/2015,6:11:00 AM,11.078
8/10/2015,6:41:00 AM,11.053
8/10/2015,7:11:00 AM,11.029
8/10/2015,7:41:00 AM,11.005
8/10/2015,8:11:00 AM,10.98
8/10/2015,8:41:00 AM,11.078
8/10/2015,9:11:00 AM,11.127
8/10/2015,9:41:00 AM,11.273
8/10/2015,10:11:00 AM,11.443
8/10/2015,10:41:00 AM,11.613
8/10/2015,11:11:00 AM,11.856
8/10/2015,11:41:00 AM,12.074
8/10/2015,12:11:00 PM,12.292
8/10/2015,12:41:00 PM,12.485
8/10/2015,1:11:00 PM,12.871
8/10/2015,1:41:00 PM,13.353
8/10/2015,2:11:00 PM,13.69
8/10/2015,2:41:00 PM,14.026
8/10/2015,3:11:00 PM,14.098
8/10/2015,3:41:00 PM,14.457
8/10/2015,4:11:00 PM,14.745
8/10/2015,4:41:00 PM,14.984
8/10/2015,5:11:00 PM,15.031
8/10/2015,5:41:00 PM,14.888
8/10/2015,6:11:00 PM,14.84
8/10/2015,6:41:00 PM,14.792
8/10/2015,7:11:00 PM,14.745
8/10/2015,7:41:00 PM,14.673
8/10/2015,8:11:00 PM,14.529
8/10/2015,8:41:00 PM,14.361
8/10/2015,9:11:00 PM,14.194
8/10/2015,9:41:00 PM,13.954
8/10/2015,10:11:00 PM,13.69
8/10/2015,10:41:00 PM,13.425
8/10/2015,11:11:00 PM,13.161
8/10/2015,11:41:00 PM,12.896
8/11/2015,12:11:00 AM,12.606
8/11/2015,12:41:00 AM,12.364
8/11/2015,1:11:00 AM,12.122
8/11/2015,1:41:00 AM,11.856
8/11/2015,2:11:00 AM,11.613
8/11/2015,2:41:00 AM,11.394
8/11/2015,3:11:00 AM,11.175
8/11/2015,3:41:00 AM,10.956
8/11/2015,4:11:00 AM,10.761
8/11/2015,4:41:00 AM,10.565
8/11/2015,5:11:00 AM,10.394
8/11/2015,5:41:00 AM,10.222
8/11/2015,6:11:00 AM,10.051
8/11/2015,6:41:00 AM,9.903
8/11/2015,7:11:00 AM,9.805
8/11/2015,7:41:00 AM,9.78
8/11/2015,8:11:00 AM,9.756
8/11/2015,8:41:00 AM,9.78
8/11/2015,9:11:00 AM,9.903
8/11/2015,9:41:00 AM,10.1
8/11/2015,10:11:00 AM,10.345
8/11/2015,10:41:00 AM,10.59
8/11/2015,11:11:00 AM,10.907
8/11/2015,11:41:00 AM,11.127
8/11/2015,12:11:00 PM,11.613
8/11/2015,12:41:00 PM,12.025
8/11/2015,1:11:00 PM,12.413
8/11/2015,1:41:00 PM,12.871
8/11/2015,2:11:00 PM,13.329
8/11/2015,2:41:00 PM,13.738
8/11/2015,3:11:00 PM,14.098
8/11/2015,3:41:00 PM,14.409
8/11/2015,4:11:00 PM,14.649
8/11/2015,4:41:00 PM,14.84
8/11/2015,5:11:00 PM,14.84
8/11/2015,5:41:00 PM,14.721
8/11/2015,6:11:00 PM,14.721
8/11/2015,6:41:00 PM,14.625
8/11/2015,7:11:00 PM,14.481
8/11/2015,7:41:00 PM,14.457
8/11/2015,8:11:00 PM,14.314
8/11/2015,8:41:00 PM,14.146
8/11/2015,9:11:00 PM,13.954
8/11/2015,9:41:00 PM,13.738
8/11/2015,10:11:00 PM,13.473
8/11/2015,10:41:00 PM,13.233
8/11/2015,11:11:00 PM,12.992
8/11/2015,11:41:00 PM,12.751
8/12/2015,12:11:00 AM,12.509
8/12/2015,12:41:00 AM,12.268
8/12/2015,1:11:00 AM,12.025
8/12/2015,1:41:00 AM,11.783
8/12/2015,2:11:00 AM,11.565
8/12/2015,2:41:00 AM,11.37
8/12/2015,3:11:00 AM,11.151
8/12/2015,3:41:00 AM,10.956
8/12/2015,4:11:00 AM,10.761
8/12/2015,4:41:00 AM,10.59
8/12/2015,5:11:00 AM,10.418
8/12/2015,5:41:00 AM,10.247
8/12/2015,6:11:00 AM,10.1
8/12/2015,6:41:00 AM,9.977
8/12/2015,7:11:00 AM,9.854
8/12/2015,7:41:00 AM,9.756
8/12/2015,8:11:00 AM,9.706
8/12/2015,8:41:00 AM,9.731
8/12/2015,9:11:00 AM,9.879
8/12/2015,9:41:00 AM,10.051
8/12/2015,10:11:00 AM,10.271
8/12/2015,10:41:00 AM,10.541
8/12/2015,11:11:00 AM,10.858
8/12/2015,11:41:00 AM,11.127
8/12/2015,12:11:00 PM,11.613
8/12/2015,12:41:00 PM,12.025
8/12/2015,1:11:00 PM,12.485
8/12/2015,1:41:00 PM,12.944
8/12/2015,2:11:00 PM,13.425
8/12/2015,2:41:00 PM,13.81
8/12/2015,3:11:00 PM,14.17
8/12/2015,3:41:00 PM,14.433
8/12/2015,4:11:00 PM,14.601
8/12/2015,4:41:00 PM,14.84
8/12/2015,5:11:00 PM,14.792
8/12/2015,5:41:00 PM,14.649
8/12/2015,6:11:00 PM,14.577
8/12/2015,6:41:00 PM,14.481
8/12/2015,7:11:00 PM,14.433
8/12/2015,7:41:00 PM,14.314
8/12/2015,8:11:00 PM,14.17
8/12/2015,8:41:00 PM,14.002
8/12/2015,9:11:00 PM,13.834
8/12/2015,9:41:00 PM,13.618
8/12/2015,10:11:00 PM,13.353
8/12/2015,10:41:00 PM,13.064
8/12/2015,11:11:00 PM,12.799
8/12/2015,11:41:00 PM,12.534
8/13/2015,12:11:00 AM,12.292
8/13/2015,12:41:00 AM,12.05
8/13/2015,1:11:00 AM,11.807
8/13/2015,1:41:00 AM,11.589
8/13/2015,2:11:00 AM,11.37
8/13/2015,2:41:00 AM,11.175
8/13/2015,3:11:00 AM,10.956
8/13/2015,3:41:00 AM,10.761
8/13/2015,4:11:00 AM,10.565
8/13/2015,4:41:00 AM,10.394
8/13/2015,5:11:00 AM,10.222
8/13/2015,5:41:00 AM,10.051
8/13/2015,6:11:00 AM,9.903
8/13/2015,6:41:00 AM,9.756
8/13/2015,7:11:00 AM,9.632
8/13/2015,7:41:00 AM,9.558
8/13/2015,8:11:00 AM,9.509
8/13/2015,8:41:00 AM,9.534
8/13/2015,9:11:00 AM,9.657
8/13/2015,9:41:00 AM,9.829
8/13/2015,10:11:00 AM,10.026
8/13/2015,10:41:00 AM,10.247
8/13/2015,11:11:00 AM,10.565
8/13/2015,11:41:00 AM,10.834
8/13/2015,12:11:00 PM,11.224
8/13/2015,12:41:00 PM,11.516
8/13/2015,1:11:00 PM,11.88
8/13/2015,1:41:00 PM,12.195
8/13/2015,2:11:00 PM,12.461
8/13/2015,2:41:00 PM,12.871
8/13/2015,3:11:00 PM,13.281
8/13/2015,3:41:00 PM,13.546
8/13/2015,4:11:00 PM,13.834
8/13/2015,4:41:00 PM,13.93
8/13/2015,5:11:00 PM,14.146
8/13/2015,5:41:00 PM,14.146
8/13/2015,6:11:00 PM,14.17
8/13/2015,6:41:00 PM,14.146
8/13/2015,7:11:00 PM,14.122
8/13/2015,7:41:00 PM,14.026
8/13/2015,8:11:00 PM,13.906
8/13/2015,8:41:00 PM,13.738
8/13/2015,9:11:00 PM,13.594
8/13/2015,9:41:00 PM,13.401
8/13/2015,10:11:00 PM,13.185
8/13/2015,10:41:00 PM,12.92
8/13/2015,11:11:00 PM,12.703
8/13/2015,11:41:00 PM,12.461
8/14/2015,12:11:00 AM,12.243
8/14/2015,12:41:00 AM,12.025
8/14/2015,1:11:00 AM,11.807
8/14/2015,1:41:00 AM,11.589
8/14/2015,2:11:00 AM,11.394
8/14/2015,2:41:00 AM,11.2
8/14/2015,3:11:00 AM,11.005
8/14/2015,3:41:00 AM,10.834
8/14/2015,4:11:00 AM,10.663
8/14/2015,4:41:00 AM,10.516
8/14/2015,5:11:00 AM,10.345
8/14/2015,5:41:00 AM,10.173
8/14/2015,6:11:00 AM,10.026
8/14/2015,6:41:00 AM,9.879
8/14/2015,7:11:00 AM,9.756
8/14/2015,7:41:00 AM,9.657
8/14/2015,8:11:00 AM,9.632
8/14/2015,8:41:00 AM,9.682
8/14/2015,9:11:00 AM,9.805
8/14/2015,9:41:00 AM,9.977
8/14/2015,10:11:00 AM,10.173
8/14/2015,10:41:00 AM,10.443
8/14/2015,11:11:00 AM,10.687
8/14/2015,11:41:00 AM,10.736
8/14/2015,12:11:00 PM,11.2
8/14/2015,12:41:00 PM,11.662
8/14/2015,1:11:00 PM,12.025
8/14/2015,1:41:00 PM,12.195
8/14/2015,2:11:00 PM,12.799
8/14/2015,2:41:00 PM,13.161
8/14/2015,3:11:00 PM,13.209
8/14/2015,3:41:00 PM,13.209
8/14/2015,4:11:00 PM,13.209
8/14/2015,4:41:00 PM,13.137
8/14/2015,5:11:00 PM,13.209
8/14/2015,5:41:00 PM,13.233
8/14/2015,6:11:00 PM,13.305
8/14/2015,6:41:00 PM,13.329
8/14/2015,7:11:00 PM,13.233
8/14/2015,7:41:00 PM,13.137
8/14/2015,8:11:00 PM,13.016
8/14/2015,8:41:00 PM,12.871
8/14/2015,9:11:00 PM,12.727
8/14/2015,9:41:00 PM,12.509
8/14/2015,10:11:00 PM,12.268
8/14/2015,10:41:00 PM,12.001
8/14/2015,11:11:00 PM,11.759
8/14/2015,11:41:00 PM,11.565
8/15/2015,12:11:00 AM,11.37
8/15/2015,12:41:00 AM,11.2
8/15/2015,1:11:00 AM,11.078
8/15/2015,1:41:00 AM,10.956
8/15/2015,2:11:00 AM,10.858
8/15/2015,2:41:00 AM,10.761
8/15/2015,3:11:00 AM,10.663
8/15/2015,3:41:00 AM,10.565
8/15/2015,4:11:00 AM,10.516
8/15/2015,4:41:00 AM,10.467
8/15/2015,5:11:00 AM,10.394
8/15/2015,5:41:00 AM,10.369
8/15/2015,6:11:00 AM,10.345
8/15/2015,6:41:00 AM,10.296
8/15/2015,7:11:00 AM,10.271
8/15/2015,7:41:00 AM,10.247
8/15/2015,8:11:00 AM,10.247
8/15/2015,8:41:00 AM,10.222
8/15/2015,9:11:00 AM,10.247
8/15/2015,9:41:00 AM,10.296
8/15/2015,10:11:00 AM,10.345
8/15/2015,10:41:00 AM,10.394
8/15/2015,11:11:00 AM,10.443
8/15/2015,11:41:00 AM,10.492
8/15/2015,12:11:00 PM,10.492
8/15/2015,12:41:00 PM,10.516
8/15/2015,1:11:00 PM,10.565
8/15/2015,1:41:00 PM,10.59
8/15/2015,2:11:00 PM,10.638
8/15/2015,2:41:00 PM,10.785
8/15/2015,3:11:00 PM,10.98
8/15/2015,3:41:00 PM,11.078
8/15/2015,4:11:00 PM,11.224
8/15/2015,4:41:00 PM,11.321
8/15/2015,5:11:00 PM,11.443
8/15/2015,5:41:00 PM,11.492
8/15/2015,6:11:00 PM,11.516
8/15/2015,6:41:00 PM,11.516
8/15/2015,7:11:00 PM,11.467
8/15/2015,7:41:00 PM,11.419
8/15/2015,8:11:00 PM,11.37
8/15/2015,8:41:00 PM,11.297
8/15/2015,9:11:00 PM,11.2
8/15/2015,9:41:00 PM,11.102
8/15/2015,10:11:00 PM,11.005
8/15/2015,10:41:00 PM,10.932
8/15/2015,11:11:00 PM,10.834
8/15/2015,11:41:00 PM,10.761
8/16/2015,12:11:00 AM,10.687
8/16/2015,12:41:00 AM,10.614
8/16/2015,1:11:00 AM,10.541
8/16/2015,1:41:00 AM,10.467
8/16/2015,2:11:00 AM,10.394
8/16/2015,2:41:00 AM,10.32
8/16/2015,3:11:00 AM,10.247
8/16/2015,3:41:00 AM,10.198
8/16/2015,4:11:00 AM,10.124
8/16/2015,4:41:00 AM,10.075
8/16/2015,5:11:00 AM,10.026
8/16/2015,5:41:00 AM,9.977
8/16/2015,6:11:00 AM,9.952
8/16/2015,6:41:00 AM,9.928
8/16/2015,7:11:00 AM,9.879
8/16/2015,7:41:00 AM,9.854
8/16/2015,8:11:00 AM,9.854
8/16/2015,8:41:00 AM,9.879
8/16/2015,9:11:00 AM,9.879
8/16/2015,9:41:00 AM,9.952
8/16/2015,10:11:00 AM,10.075
8/16/2015,10:41:00 AM,10.173
8/16/2015,11:11:00 AM,10.394
8/16/2015,11:41:00 AM,10.541
8/16/2015,12:11:00 PM,10.712
8/16/2015,12:41:00 PM,10.956
8/16/2015,1:11:00 PM,11.175
8/16/2015,1:41:00 PM,11.297
8/16/2015,2:11:00 PM,11.394
8/16/2015,2:41:00 PM,11.54
8/16/2015,3:11:00 PM,11.589
8/16/2015,3:41:00 PM,11.662
8/16/2015,4:11:00 PM,11.662
8/16/2015,4:41:00 PM,11.71
8/16/2015,5:11:00 PM,11.71
8/16/2015,5:41:00 PM,11.686
8/16/2015,6:11:00 PM,11.613
8/16/2015,6:41:00 PM,11.565
8/16/2015,7:11:00 PM,11.516
8/16/2015,7:41:00 PM,11.443
8/16/2015,8:11:00 PM,11.394
8/16/2015,8:41:00 PM,11.321
8/16/2015,9:11:00 PM,11.248
8/16/2015,9:41:00 PM,11.175
8/16/2015,10:11:00 PM,11.102
8/16/2015,10:41:00 PM,11.029
8/16/2015,11:11:00 PM,10.956
8/16/2015,11:41:00 PM,10.907
8/17/2015,12:11:00 AM,10.834
8/17/2015,12:41:00 AM,10.785
8/17/2015,1:11:00 AM,10.712
8/17/2015,1:41:00 AM,10.663
8/17/2015,2:11:00 AM,10.614
8/17/2015,2:41:00 AM,10.565
8/17/2015,3:11:00 AM,10.516
8/17/2015,3:41:00 AM,10.467
8/17/2015,4:11:00 AM,10.418
8/17/2015,4:41:00 AM,10.394
8/17/2015,5:11:00 AM,10.345
8/17/2015,5:41:00 AM,10.32
8/17/2015,6:11:00 AM,10.271
8/17/2015,6:41:00 AM,10.222
8/17/2015,7:11:00 AM,10.173
8/17/2015,7:41:00 AM,10.124
8/17/2015,8:11:00 AM,10.075
8/17/2015,8:41:00 AM,10.051
8/17/2015,9:11:00 AM,10.026
8/17/2015,9:41:00 AM,10.026
8/17/2015,10:11:00 AM,10.075
8/17/2015,10:41:00 AM,10.1
8/17/2015,11:11:00 AM,10.149
8/17/2015,11:41:00 AM,10.222
8/17/2015,12:11:00 PM,10.32
8/17/2015,12:41:00 PM,10.394
8/17/2015,1:11:00 PM,10.516
8/17/2015,1:41:00 PM,10.638
8/17/2015,2:11:00 PM,10.712
8/17/2015,2:41:00 PM,10.785
8/17/2015,3:11:00 PM,10.932
8/17/2015,3:41:00 PM,10.98
8/17/2015,4:11:00 PM,10.98
8/17/2015,4:41:00 PM,11.053
8/17/2015,5:11:00 PM,11.053
8/17/2015,5:41:00 PM,11.078
8/17/2015,6:11:00 PM,11.078
8/17/2015,6:41:00 PM,11.102
8/17/2015,7:11:00 PM,11.127
8/17/2015,7:41:00 PM,11.127
8/17/2015,8:11:00 PM,11.102
8/17/2015,8:41:00 PM,11.053
8/17/2015,9:11:00 PM,10.98
8/17/2015,9:41:00 PM,10.932
8/17/2015,10:11:00 PM,10.907
8/17/2015,10:41:00 PM,10.858
8/17/2015,11:11:00 PM,10.81
8/17/2015,11:41:00 PM,10.785
8/18/2015,12:11:00 AM,10.736
8/18/2015,12:41:00 AM,10.687
8/18/2015,1:11:00 AM,10.663
8/18/2015,1:41:00 AM,10.614
8/18/2015,2:11:00 AM,10.565
8/18/2015,2:41:00 AM,10.516
8/18/2015,3:11:00 AM,10.443
8/18/2015,3:41:00 AM,10.369
8/18/2015,4:11:00 AM,10.32
8/18/2015,4:41:00 AM,10.271
8/18/2015,5:11:00 AM,10.198
8/18/2015,5:41:00 AM,10.124
8/18/2015,6:11:00 AM,10.001
8/18/2015,6:41:00 AM,9.903
8/18/2015,7:11:00 AM,9.805
8/18/2015,7:41:00 AM,9.706
8/18/2015,8:11:00 AM,9.657
8/18/2015,8:41:00 AM,9.657
8/18/2015,9:11:00 AM,9.756
8/18/2015,9:41:00 AM,9.879
8/18/2015,10:11:00 AM,10.026
8/18/2015,10:41:00 AM,10.198
8/18/2015,11:11:00 AM,10.394
8/18/2015,11:41:00 AM,10.59
8/18/2015,12:11:00 PM,10.907
8/18/2015,12:41:00 PM,11.2
8/18/2015,1:11:00 PM,11.565
8/18/2015,1:41:00 PM,11.953
8/18/2015,2:11:00 PM,12.316
8/18/2015,2:41:00 PM,12.654
8/18/2015,3:11:00 PM,12.968
8/18/2015,3:41:00 PM,13.257
8/18/2015,4:11:00 PM,13.473
8/18/2015,4:41:00 PM,13.57
8/18/2015,5:11:00 PM,13.642
8/18/2015,5:41:00 PM,13.666
8/18/2015,6:11:00 PM,13.714
8/18/2015,6:41:00 PM,13.714
8/18/2015,7:11:00 PM,13.666
8/18/2015,7:41:00 PM,13.546
8/18/2015,8:11:00 PM,13.425
8/18/2015,8:41:00 PM,13.257
8/18/2015,9:11:00 PM,13.064
8/18/2015,9:41:00 PM,12.871
8/18/2015,10:11:00 PM,12.654
8/18/2015,10:41:00 PM,12.437
8/18/2015,11:11:00 PM,12.243
8/18/2015,11:41:00 PM,12.05
8/19/2015,12:11:00 AM,11.856
8/19/2015,12:41:00 AM,11.662
8/19/2015,1:11:00 AM,11.492
8/19/2015,1:41:00 AM,11.297
8/19/2015,2:11:00 AM,11.127
8/19/2015,2:41:00 AM,10.932
8/19/2015,3:11:00 AM,10.736
8/19/2015,3:41:00 AM,10.59
8/19/2015,4:11:00 AM,10.443
8/19/2015,4:41:00 AM,10.32
8/19/2015,5:11:00 AM,10.198
8/19/2015,5:41:00 AM,10.075
8/19/2015,6:11:00 AM,9.952
8/19/2015,6:41:00 AM,9.805
8/19/2015,7:11:00 AM,9.682
8/19/2015,7:41:00 AM,9.558
8/19/2015,8:11:00 AM,9.435
8/19/2015,8:41:00 AM,9.386
8/19/2015,9:11:00 AM,9.41
8/19/2015,9:41:00 AM,9.485
8/19/2015,10:11:00 AM,9.632
8/19/2015,10:41:00 AM,9.829
8/19/2015,11:11:00 AM,10.026
8/19/2015,11:41:00 AM,10.271
8/19/2015,12:11:00 PM,10.59
8/19/2015,12:41:00 PM,10.907
8/19/2015,1:11:00 PM,11.273
8/19/2015,1:41:00 PM,11.662
8/19/2015,2:11:00 PM,12.025
8/19/2015,2:41:00 PM,12.34
8/19/2015,3:11:00 PM,12.654
8/19/2015,3:41:00 PM,12.92
8/19/2015,4:11:00 PM,13.209
8/19/2015,4:41:00 PM,13.305
8/19/2015,5:11:00 PM,13.353
8/19/2015,5:41:00 PM,13.281
8/19/2015,6:11:00 PM,13.305
8/19/2015,6:41:00 PM,13.329
8/19/2015,7:11:00 PM,13.257
8/19/2015,7:41:00 PM,13.161
8/19/2015,8:11:00 PM,13.04
8/19/2015,8:41:00 PM,12.871
8/19/2015,9:11:00 PM,12.678
8/19/2015,9:41:00 PM,12.437
8/19/2015,10:11:00 PM,12.195
8/19/2015,10:41:00 PM,11.953
8/19/2015,11:11:00 PM,11.734
8/19/2015,11:41:00 PM,11.516
8/20/2015,12:11:00 AM,11.297
8/20/2015,12:41:00 AM,11.102
8/20/2015,1:11:00 AM,10.883
8/20/2015,1:41:00 AM,10.687
8/20/2015,2:11:00 AM,10.492
8/20/2015,2:41:00 AM,10.32
8/20/2015,3:11:00 AM,10.149
8/20/2015,3:41:00 AM,9.977
8/20/2015,4:11:00 AM,9.805
8/20/2015,4:41:00 AM,9.657
8/20/2015,5:11:00 AM,9.485
8/20/2015,5:41:00 AM,9.312
8/20/2015,6:11:00 AM,9.139
8/20/2015,6:41:00 AM,8.99
8/20/2015,7:11:00 AM,8.841
8/20/2015,7:41:00 AM,8.742
8/20/2015,8:11:00 AM,8.693
8/20/2015,8:41:00 AM,8.693
8/20/2015,9:11:00 AM,8.841
8/20/2015,9:41:00 AM,8.99
8/20/2015,10:11:00 AM,9.188
8/20/2015,10:41:00 AM,9.435
8/20/2015,11:11:00 AM,9.657
8/20/2015,11:41:00 AM,9.903
8/20/2015,12:11:00 PM,10.32
8/20/2015,12:41:00 PM,10.638
8/20/2015,1:11:00 PM,11.005
8/20/2015,1:41:00 PM,11.419
8/20/2015,2:11:00 PM,11.759
8/20/2015,2:41:00 PM,12.147
8/20/2015,3:11:00 PM,12.437
8/20/2015,3:41:00 PM,12.678
8/20/2015,4:11:00 PM,12.92
8/20/2015,4:41:00 PM,13.016
8/20/2015,5:11:00 PM,13.112
8/20/2015,5:41:00 PM,13.064
8/20/2015,6:11:00 PM,13.016
8/20/2015,6:41:00 PM,12.992
8/20/2015,7:11:00 PM,12.968
8/20/2015,7:41:00 PM,12.92
8/20/2015,8:11:00 PM,12.823
8/20/2015,8:41:00 PM,12.703
8/20/2015,9:11:00 PM,12.558
8/20/2015,9:41:00 PM,12.389
8/20/2015,10:11:00 PM,12.219
8/20/2015,10:41:00 PM,12.074
8/20/2015,11:11:00 PM,11.929
8/20/2015,11:41:00 PM,11.759
8/21/2015,12:11:00 AM,11.613
8/21/2015,12:41:00 AM,11.467
8/21/2015,1:11:00 AM,11.321
8/21/2015,1:41:00 AM,11.175
8/21/2015,2:11:00 AM,11.053
8/21/2015,2:41:00 AM,10.932
8/21/2015,3:11:00 AM,10.785
8/21/2015,3:41:00 AM,10.663
8/21/2015,4:11:00 AM,10.516
8/21/2015,4:41:00 AM,10.369
8/21/2015,5:11:00 AM,10.247
8/21/2015,5:41:00 AM,10.124
8/21/2015,6:11:00 AM,10.026
8/21/2015,6:41:00 AM,9.928
8/21/2015,7:11:00 AM,9.829
8/21/2015,7:41:00 AM,9.756
8/21/2015,8:11:00 AM,9.731
8/21/2015,8:41:00 AM,9.706
8/21/2015,9:11:00 AM,9.731
8/21/2015,9:41:00 AM,9.805
8/21/2015,10:11:00 AM,9.903
8/21/2015,10:41:00 AM,10.026
8/21/2015,11:11:00 AM,10.173
8/21/2015,11:41:00 AM,10.345
8/21/2015,12:11:00 PM,10.59
8/21/2015,12:41:00 PM,10.81
8/21/2015,1:11:00 PM,11.005
8/21/2015,1:41:00 PM,11.273
8/21/2015,2:11:00 PM,11.637
8/21/2015,2:41:00 PM,11.88
8/21/2015,3:11:00 PM,12.098
8/21/2015,3:41:00 PM,12.34
8/21/2015,4:11:00 PM,12.654
8/21/2015,4:41:00 PM,12.847
8/21/2015,5:11:00 PM,13.016
8/21/2015,5:41:00 PM,12.799
8/21/2015,6:11:00 PM,12.727
8/21/2015,6:41:00 PM,12.654
8/21/2015,7:11:00 PM,12.606
8/21/2015,7:41:00 PM,12.509
8/21/2015,8:11:00 PM,12.389
8/21/2015,8:41:00 PM,12.219
8/21/2015,9:11:00 PM,12.025
8/21/2015,9:41:00 PM,11.832
8/21/2015,10:11:00 PM,11.613
8/21/2015,10:41:00 PM,11.419
8/21/2015,11:11:00 PM,11.224
8/21/2015,11:41:00 PM,11.029
8/22/2015,12:11:00 AM,10.834
8/22/2015,12:41:00 AM,10.638
8/22/2015,1:11:00 AM,10.443
8/22/2015,1:41:00 AM,10.222
8/22/2015,2:11:00 AM,10.026
8/22/2015,2:41:00 AM,9.829
8/22/2015,3:11:00 AM,9.632
8/22/2015,3:41:00 AM,9.435
8/22/2015,4:11:00 AM,9.262
8/22/2015,4:41:00 AM,9.089
8/22/2015,5:11:00 AM,8.916
8/22/2015,5:41:00 AM,8.767
8/22/2015,6:11:00 AM,8.643
8/22/2015,6:41:00 AM,8.543
8/22/2015,7:11:00 AM,8.444
8/22/2015,7:41:00 AM,8.369
8/22/2015,8:11:00 AM,8.319
8/22/2015,8:41:00 AM,8.295
8/22/2015,9:11:00 AM,8.369
8/22/2015,9:41:00 AM,8.494
8/22/2015,10:11:00 AM,8.693
8/22/2015,10:41:00 AM,8.941
8/22/2015,11:11:00 AM,9.188
8/22/2015,11:41:00 AM,9.485
8/22/2015,12:11:00 PM,9.879
8/22/2015,12:41:00 PM,10.222
8/22/2015,1:11:00 PM,10.614
8/22/2015,1:41:00 PM,11.053
8/22/2015,2:11:00 PM,11.467
8/22/2015,2:41:00 PM,11.856
8/22/2015,3:11:00 PM,12.171
8/22/2015,3:41:00 PM,12.461
8/22/2015,4:11:00 PM,12.727
8/22/2015,4:41:00 PM,12.823
8/22/2015,5:11:00 PM,12.871
8/22/2015,5:41:00 PM,12.823
8/22/2015,6:11:00 PM,12.751
8/22/2015,6:41:00 PM,12.703
8/22/2015,7:11:00 PM,12.63
8/22/2015,7:41:00 PM,12.534
8/22/2015,8:11:00 PM,12.413
8/22/2015,8:41:00 PM,12.243
8/22/2015,9:11:00 PM,12.074
8/22/2015,9:41:00 PM,11.856
8/22/2015,10:11:00 PM,11.662
8/22/2015,10:41:00 PM,11.492
8/22/2015,11:11:00 PM,11.346
8/22/2015,11:41:00 PM,11.175
8/23/2015,12:11:00 AM,11.005
8/23/2015,12:41:00 AM,10.834
8/23/2015,1:11:00 AM,10.638
8/23/2015,1:41:00 AM,10.443
8/23/2015,2:11:00 AM,10.271
8/23/2015,2:41:00 AM,10.075
8/23/2015,3:11:00 AM,9.879
8/23/2015,3:41:00 AM,9.682
8/23/2015,4:11:00 AM,9.485
8/23/2015,4:41:00 AM,9.312
8/23/2015,5:11:00 AM,9.114
8/23/2015,5:41:00 AM,8.941
8/23/2015,6:11:00 AM,8.767
8/23/2015,6:41:00 AM,8.593
8/23/2015,7:11:00 AM,8.419
8/23/2015,7:41:00 AM,8.27
8/23/2015,8:11:00 AM,8.17
8/23/2015,8:41:00 AM,8.12
8/23/2015,9:11:00 AM,8.17
8/23/2015,9:41:00 AM,8.295
8/23/2015,10:11:00 AM,8.494
8/23/2015,10:41:00 AM,8.717
8/23/2015,11:11:00 AM,8.941
8/23/2015,11:41:00 AM,9.262
8/23/2015,12:11:00 PM,9.657
8/23/2015,12:41:00 PM,10.001
8/23/2015,1:11:00 PM,10.369
8/23/2015,1:41:00 PM,10.81
8/23/2015,2:11:00 PM,11.248
8/23/2015,2:41:00 PM,11.613
8/23/2015,3:11:00 PM,11.904
8/23/2015,3:41:00 PM,12.195
8/23/2015,4:11:00 PM,12.437
8/23/2015,4:41:00 PM,12.461
8/23/2015,5:11:00 PM,12.485
8/23/2015,5:41:00 PM,12.437
8/23/2015,6:11:00 PM,12.364
8/23/2015,6:41:00 PM,12.292
8/23/2015,7:11:00 PM,12.219
8/23/2015,7:41:00 PM,12.147
8/23/2015,8:11:00 PM,12.025
8/23/2015,8:41:00 PM,11.88
8/23/2015,9:11:00 PM,11.686
8/23/2015,9:41:00 PM,11.467
8/23/2015,10:11:00 PM,11.224
8/23/2015,10:41:00 PM,10.98
8/23/2015,11:11:00 PM,10.736
8/23/2015,11:41:00 PM,10.541
8/24/2015,12:11:00 AM,10.32
8/24/2015,12:41:00 AM,10.1
8/24/2015,1:11:00 AM,9.879
8/24/2015,1:41:00 AM,9.657
8/24/2015,2:11:00 AM,9.435
8/24/2015,2:41:00 AM,9.213
8/24/2015,3:11:00 AM,9.015
8/24/2015,3:41:00 AM,8.841
8/24/2015,4:11:00 AM,8.643
8/24/2015,4:41:00 AM,8.469
8/24/2015,5:11:00 AM,8.319
8/24/2015,5:41:00 AM,8.17
8/24/2015,6:11:00 AM,8.02
8/24/2015,6:41:00 AM,7.87
8/24/2015,7:11:00 AM,7.745
8/24/2015,7:41:00 AM,7.67
8/24/2015,8:11:00 AM,7.594
8/24/2015,8:41:00 AM,7.544
8/24/2015,9:11:00 AM,7.569
8/24/2015,9:41:00 AM,7.695
8/24/2015,10:11:00 AM,7.92
8/24/2015,10:41:00 AM,8.145
8/24/2015,11:11:00 AM,8.369
8/24/2015,11:41:00 AM,8.717
8/24/2015,12:11:00 PM,9.089
8/24/2015,12:41:00 PM,9.485
8/24/2015,1:11:00 PM,9.903
8/24/2015,1:41:00 PM,10.369
8/24/2015,2:11:00 PM,10.834
8/24/2015,2:41:00 PM,11.224
8/24/2015,3:11:00 PM,11.565
8/24/2015,3:41:00 PM,11.856
8/24/2015,4:11:00 PM,12.098
8/24/2015,4:41:00 PM,12.098
8/24/2015,5:11:00 PM,12.098
8/24/2015,5:41:00 PM,12.219
8/24/2015,6:11:00 PM,12.292
8/24/2015,6:41:00 PM,12.268
8/24/2015,7:11:00 PM,12.195
8/24/2015,7:41:00 PM,12.098
8/24/2015,8:11:00 PM,12.001
8/24/2015,8:41:00 PM,11.929
8/24/2015,9:11:00 PM,11.759
8/24/2015,9:41:00 PM,11.589
8/24/2015,10:11:00 PM,11.394
8/24/2015,10:41:00 PM,11.2
8/24/2015,11:11:00 PM,11.053
8/24/2015,11:41:00 PM,10.907
8/25/2015,12:11:00 AM,10.785
8/25/2015,12:41:00 AM,10.663
8/25/2015,1:11:00 AM,10.541
8/25/2015,1:41:00 AM,10.443
8/25/2015,2:11:00 AM,10.369
8/25/2015,2:41:00 AM,10.296
8/25/2015,3:11:00 AM,10.247
8/25/2015,3:41:00 AM,10.198
8/25/2015,4:11:00 AM,10.149
8/25/2015,4:41:00 AM,10.1
8/25/2015,5:11:00 AM,10.051
8/25/2015,5:41:00 AM,10.026
8/25/2015,6:11:00 AM,10.001
8/25/2015,6:41:00 AM,10.001
8/25/2015,7:11:00 AM,9.977
8/25/2015,7:41:00 AM,9.977
8/25/2015,8:11:00 AM,9.952
8/25/2015,8:41:00 AM,10.051
8/25/2015,9:11:00 AM,10.124
8/25/2015,9:41:00 AM,10.198
8/25/2015,10:11:00 AM,10.296
8/25/2015,10:41:00 AM,10.541
8/25/2015,11:11:00 AM,10.712
8/25/2015,11:41:00 AM,10.932
8/25/2015,12:11:00 PM,11.175
8/25/2015,12:41:00 PM,11.467
8/25/2015,1:11:00 PM,11.807
8/25/2015,1:41:00 PM,12.195
8/25/2015,2:11:00 PM,12.582
8/25/2015,2:41:00 PM,12.896
8/25/2015,3:11:00 PM,13.209
8/25/2015,3:41:00 PM,13.401
8/25/2015,4:11:00 PM,13.618
8/25/2015,4:41:00 PM,13.762
8/25/2015,5:11:00 PM,13.786
8/25/2015,5:41:00 PM,13.762
8/25/2015,6:11:00 PM,13.714
8/25/2015,6:41:00 PM,13.642
8/25/2015,7:11:00 PM,13.546
8/25/2015,7:41:00 PM,13.449
8/25/2015,8:11:00 PM,13.329
8/25/2015,8:41:00 PM,13.161
8/25/2015,9:11:00 PM,12.992
8/25/2015,9:41:00 PM,12.799
8/25/2015,10:11:00 PM,12.63
8/25/2015,10:41:00 PM,12.461
8/25/2015,11:11:00 PM,12.34
8/25/2015,11:41:00 PM,12.219
8/26/2015,12:11:00 AM,12.122
8/26/2015,12:41:00 AM,12.025
8/26/2015,1:11:00 AM,11.904
8/26/2015,1:41:00 AM,11.807
8/26/2015,2:11:00 AM,11.71
8/26/2015,2:41:00 AM,11.637
8/26/2015,3:11:00 AM,11.54
8/26/2015,3:41:00 AM,11.419
8/26/2015,4:11:00 AM,11.321
8/26/2015,4:41:00 AM,11.175
8/26/2015,5:11:00 AM,11.078
8/26/2015,5:41:00 AM,11.005
8/26/2015,6:11:00 AM,10.956
8/26/2015,6:41:00 AM,10.883
8/26/2015,7:11:00 AM,10.834
8/26/2015,7:41:00 AM,10.81
8/26/2015,8:11:00 AM,10.785
8/26/2015,8:41:00 AM,10.785
8/26/2015,9:11:00 AM,10.785
8/26/2015,9:41:00 AM,10.761
8/26/2015,10:11:00 AM,10.761
8/26/2015,10:41:00 AM,10.761
8/26/2015,11:11:00 AM,10.81
8/26/2015,11:41:00 AM,10.932
8/26/2015,12:11:00 PM,11.005
8/26/2015,12:41:00 PM,11.078
8/26/2015,1:11:00 PM,11.273
8/26/2015,1:41:00 PM,11.492
8/26/2015,2:11:00 PM,11.613
8/26/2015,2:41:00 PM,11.832
8/26/2015,3:11:00 PM,12.05
8/26/2015,3:41:00 PM,12.413
8/26/2015,4:11:00 PM,12.678
8/26/2015,4:41:00 PM,12.775
8/26/2015,5:11:00 PM,12.896
8/26/2015,5:41:00 PM,13.04
8/26/2015,6:11:00 PM,13.088
8/26/2015,6:41:00 PM,13.112
8/26/2015,7:11:00 PM,13.088
8/26/2015,7:41:00 PM,13.04
8/26/2015,8:11:00 PM,12.968
8/26/2015,8:41:00 PM,12.847
8/26/2015,9:11:00 PM,12.727
8/26/2015,9:41:00 PM,12.558
8/26/2015,10:11:00 PM,12.364
8/26/2015,10:41:00 PM,12.219
8/26/2015,11:11:00 PM,12.122
8/26/2015,11:41:00 PM,12.025
8/27/2015,12:11:00 AM,11.929
8/27/2015,12:41:00 AM,11.856
8/27/2015,1:11:00 AM,11.783
8/27/2015,1:41:00 AM,11.71
8/27/2015,2:11:00 AM,11.662
8/27/2015,2:41:00 AM,11.589
8/27/2015,3:11:00 AM,11.516
8/27/2015,3:41:00 AM,11.443
8/27/2015,4:11:00 AM,11.346
8/27/2015,4:41:00 AM,11.248
8/27/2015,5:11:00 AM,11.151
8/27/2015,5:41:00 AM,11.053
8/27/2015,6:11:00 AM,10.956
8/27/2015,6:41:00 AM,10.858
8/27/2015,7:11:00 AM,10.761
8/27/2015,7:41:00 AM,10.687
8/27/2015,8:11:00 AM,10.614
8/27/2015,8:41:00 AM,10.565
8/27/2015,9:11:00 AM,10.59
8/27/2015,9:41:00 AM,10.638
8/27/2015,10:11:00 AM,10.761
8/27/2015,10:41:00 AM,10.883
8/27/2015,11:11:00 AM,11.005
8/27/2015,11:41:00 AM,11.248
8/27/2015,12:11:00 PM,11.516
8/27/2015,12:41:00 PM,11.783
8/27/2015,1:11:00 PM,11.953
8/27/2015,1:41:00 PM,12.243
8/27/2015,2:11:00 PM,12.703
8/27/2015,2:41:00 PM,12.992
8/27/2015,3:11:00 PM,13.209
8/27/2015,3:41:00 PM,13.425
8/27/2015,4:11:00 PM,13.546
8/27/2015,4:41:00 PM,13.522
8/27/2015,5:11:00 PM,13.497
8/27/2015,5:41:00 PM,13.425
8/27/2015,6:11:00 PM,13.401
8/27/2015,6:41:00 PM,13.233
8/27/2015,7:11:00 PM,13.04
8/27/2015,7:41:00 PM,12.847
8/27/2015,8:11:00 PM,12.678
8/27/2015,8:41:00 PM,12.461
8/27/2015,9:11:00 PM,12.195
8/27/2015,9:41:00 PM,11.929
8/27/2015,10:11:00 PM,11.686
8/27/2015,10:41:00 PM,11.443
8/27/2015,11:11:00 PM,11.248
8/27/2015,11:41:00 PM,11.029
8/28/2015,12:11:00 AM,10.834
8/28/2015,12:41:00 AM,10.614
8/28/2015,1:11:00 AM,10.443
8/28/2015,1:41:00 AM,10.271
8/28/2015,2:11:00 AM,10.1
8/28/2015,2:41:00 AM,9.903
8/28/2015,3:11:00 AM,9.706
8/28/2015,3:41:00 AM,9.509
8/28/2015,4:11:00 AM,9.312
8/28/2015,4:41:00 AM,9.139
8/28/2015,5:11:00 AM,8.916
8/28/2015,5:41:00 AM,8.693
8/28/2015,6:11:00 AM,8.494
8/28/2015,6:41:00 AM,8.295
8/28/2015,7:11:00 AM,8.12
8/28/2015,7:41:00 AM,7.945
8/28/2015,8:11:00 AM,7.795
8/28/2015,8:41:00 AM,7.695
8/28/2015,9:11:00 AM,7.645
8/28/2015,9:41:00 AM,7.72
8/28/2015,10:11:00 AM,7.845
8/28/2015,10:41:00 AM,7.995
8/28/2015,11:11:00 AM,8.17
8/28/2015,11:41:00 AM,8.419
8/28/2015,12:11:00 PM,8.717
8/28/2015,12:41:00 PM,8.99
8/28/2015,1:11:00 PM,9.262
8/28/2015,1:41:00 PM,9.632
8/28/2015,2:11:00 PM,10.026
8/28/2015,2:41:00 PM,10.369
8/28/2015,3:11:00 PM,10.663
8/28/2015,3:41:00 PM,10.858
8/28/2015,4:11:00 PM,11.053
8/28/2015,4:41:00 PM,11.151
8/28/2015,5:11:00 PM,11.248
8/28/2015,5:41:00 PM,11.2
8/28/2015,6:11:00 PM,11.127
8/28/2015,6:41:00 PM,11.029
8/28/2015,7:11:00 PM,10.956
8/28/2015,7:41:00 PM,10.907
8/28/2015,8:11:00 PM,10.785
8/28/2015,8:41:00 PM,10.638
8/28/2015,9:11:00 PM,10.467
8/28/2015,9:41:00 PM,10.222
8/28/2015,10:11:00 PM,9.977
8/28/2015,10:41:00 PM,9.731
8/28/2015,11:11:00 PM,9.509
8/28/2015,11:41:00 PM,9.312
8/29/2015,12:11:00 AM,9.114
8/29/2015,12:41:00 AM,8.941
8/29/2015,1:11:00 AM,8.767
8/29/2015,1:41:00 AM,8.618
8/29/2015,2:11:00 AM,8.469
8/29/2015,2:41:00 AM,8.319
8/29/2015,3:11:00 AM,8.17
8/29/2015,3:41:00 AM,8.02
8/29/2015,4:11:00 AM,7.87
8/29/2015,4:41:00 AM,7.72
8/29/2015,5:11:00 AM,7.619
8/29/2015,5:41:00 AM,7.519
8/29/2015,6:11:00 AM,7.419
8/29/2015,6:41:00 AM,7.368
8/29/2015,7:11:00 AM,7.318
8/29/2015,7:41:00 AM,7.268
8/29/2015,8:11:00 AM,7.242
8/29/2015,8:41:00 AM,7.268
8/29/2015,9:11:00 AM,7.293
8/29/2015,9:41:00 AM,7.318
8/29/2015,10:11:00 AM,7.393
8/29/2015,10:41:00 AM,7.469
8/29/2015,11:11:00 AM,7.594
8/29/2015,11:41:00 AM,7.695
8/29/2015,12:11:00 PM,7.82
8/29/2015,12:41:00 PM,7.995
8/29/2015,1:11:00 PM,8.095
8/29/2015,1:41:00 PM,8.22
8/29/2015,2:11:00 PM,8.419
8/29/2015,2:41:00 PM,8.618
8/29/2015,3:11:00 PM,8.792
8/29/2015,3:41:00 PM,8.916
8/29/2015,4:11:00 PM,9.04
8/29/2015,4:41:00 PM,9.163
8/29/2015,5:11:00 PM,9.238
8/29/2015,5:41:00 PM,9.238
8/29/2015,6:11:00 PM,9.213
8/29/2015,6:41:00 PM,9.163
8/29/2015,7:11:00 PM,9.089
8/29/2015,7:41:00 PM,8.99
8/29/2015,8:11:00 PM,8.891
8/29/2015,8:41:00 PM,8.792
8/29/2015,9:11:00 PM,8.643
8/29/2015,9:41:00 PM,8.469
8/29/2015,10:11:00 PM,8.295
8/29/2015,10:41:00 PM,8.095
8/29/2015,11:11:00 PM,7.895
8/29/2015,11:41:00 PM,7.72
8/30/2015,12:11:00 AM,7.519
8/30/2015,12:41:00 AM,7.368
8/30/2015,1:11:00 AM,7.192
8/30/2015,1:41:00 AM,7.041
8/30/2015,2:11:00 AM,6.94
8/30/2015,2:41:00 AM,6.914
8/30/2015,3:11:00 AM,6.914
8/30/2015,3:41:00 AM,6.889
8/30/2015,4:11:00 AM,6.864
8/30/2015,4:41:00 AM,6.889
8/30/2015,5:11:00 AM,6.889
8/30/2015,5:41:00 AM,6.889
8/30/2015,6:11:00 AM,6.864
8/30/2015,6:41:00 AM,6.839
8/30/2015,7:11:00 AM,6.788
8/30/2015,7:41:00 AM,6.763
8/30/2015,8:11:00 AM,6.737
8/30/2015,8:41:00 AM,6.687
8/30/2015,9:11:00 AM,6.636
8/30/2015,9:41:00 AM,6.687
8/30/2015,10:11:00 AM,6.788
8/30/2015,10:41:00 AM,6.914
8/30/2015,11:11:00 AM,7.041
8/30/2015,11:41:00 AM,7.268
8/30/2015,12:11:00 PM,7.569
8/30/2015,12:41:00 PM,7.82
8/30/2015,1:11:00 PM,8.095
8/30/2015,1:41:00 PM,8.469
8/30/2015,2:11:00 PM,8.841
8/30/2015,2:41:00 PM,9.139
8/30/2015,3:11:00 PM,9.41
8/30/2015,3:41:00 PM,9.632
8/30/2015,4:11:00 PM,9.829
8/30/2015,4:41:00 PM,9.829
8/30/2015,5:11:00 PM,9.829
8/30/2015,5:41:00 PM,9.756
8/30/2015,6:11:00 PM,9.632
8/30/2015,6:41:00 PM,9.534
8/30/2015,7:11:00 PM,9.46
8/30/2015,7:41:00 PM,9.386
8/30/2015,8:11:00 PM,9.287
8/30/2015,8:41:00 PM,9.114
8/30/2015,9:11:00 PM,8.941
8/30/2015,9:41:00 PM,8.742
8/30/2015,10:11:00 PM,8.543
8/30/2015,10:41:00 PM,8.369
8/30/2015,11:11:00 PM,8.245
8/30/2015,11:41:00 PM,8.12
8/31/2015,12:11:00 AM,7.995
8/31/2015,12:41:00 AM,7.895
8/31/2015,1:11:00 AM,7.795
8/31/2015,1:41:00 AM,7.695
8/31/2015,2:11:00 AM,7.594
8/31/2015,2:41:00 AM,7.494
8/31/2015,3:11:00 AM,7.393
8/31/2015,3:41:00 AM,7.268
8/31/2015,4:11:00 AM,7.142
8/31/2015,4:41:00 AM,7.015
8/31/2015,5:11:00 AM,6.914
8/31/2015,5:41:00 AM,6.864
8/31/2015,6:11:00 AM,6.788
8/31/2015,6:41:00 AM,6.737
8/31/2015,7:11:00 AM,6.687
8/31/2015,7:41:00 AM,6.636
8/31/2015,8:11:00 AM,6.56
8/31/2015,8:41:00 AM,6.535
8/31/2015,9:11:00 AM,6.509
8/31/2015,9:41:00 AM,6.535
8/31/2015,10:11:00 AM,6.636
8/31/2015,10:41:00 AM,6.687
8/31/2015,11:11:00 AM,6.864
8/31/2015,11:41:00 AM,7.091
8/31/2015,12:11:00 PM,7.368
8/31/2015,12:41:00 PM,7.619
8/31/2015,1:11:00 PM,7.87
8/31/2015,1:41:00 PM,8.245
8/31/2015,2:11:00 PM,8.618
8/31/2015,2:41:00 PM,8.916
8/31/2015,3:11:00 PM,9.213
8/31/2015,3:41:00 PM,9.435
8/31/2015,4:11:00 PM,9.632
8/31/2015,4:41:00 PM,9.657
8/31/2015,5:11:00 PM,9.682
8/31/2015,5:41:00 PM,9.632
8/31/2015,6:11:00 PM,9.534
8/31/2015,6:41:00 PM,9.41
8/31/2015,7:11:00 PM,9.312
8/31/2015,7:41:00 PM,9.213
8/31/2015,8:11:00 PM,9.114
8/31/2015,8:41:00 PM,8.99
8/31/2015,9:11:00 PM,8.817
8/31/2015,9:41:00 PM,8.618
8/31/2015,10:11:00 PM,8.419
8/31/2015,10:41:00 PM,8.195
8/31/2015,11:11:00 PM,7.995
8/31/2015,11:41:00 PM,7.795
9/1/2015,12:11:00 AM,7.569
9/1/2015,12:41:00 AM,7.368
9/1/2015,1:11:00 AM,7.167
9/1/2015,1:41:00 AM,6.965
9/1/2015,2:11:00 AM,6.763
9/1/2015,2:41:00 AM,6.56
9/1/2015,3:11:00 AM,6.357
9/1/2015,3:41:00 AM,6.153
9/1/2015,4:11:00 AM,5.949
9/1/2015,4:41:00 AM,5.77
9/1/2015,5:11:00 AM,5.616
9/1/2015,5:41:00 AM,5.462
9/1/2015,6:11:00 AM,5.308
9/1/2015,6:41:00 AM,5.205
9/1/2015,7:11:00 AM,5.102
9/1/2015,7:41:00 AM,5.024
9/1/2015,8:11:00 AM,4.973
9/1/2015,8:41:00 AM,4.973
9/1/2015,9:11:00 AM,4.999
9/1/2015,9:41:00 AM,5.102
9/1/2015,10:11:00 AM,5.308
9/1/2015,10:41:00 AM,5.539
9/1/2015,11:11:00 AM,5.796
9/1/2015,11:41:00 AM,6.128
9/1/2015,12:11:00 PM,6.509
9/1/2015,12:41:00 PM,6.839
9/1/2015,1:11:00 PM,7.217
9/1/2015,1:41:00 PM,7.619
9/1/2015,2:11:00 PM,8.07
9/1/2015,2:41:00 PM,8.469
9/1/2015,3:11:00 PM,8.817
9/1/2015,3:41:00 PM,9.089
9/1/2015,4:11:00 PM,9.361
9/1/2015,4:41:00 PM,9.41
9/1/2015,5:11:00 PM,9.46
9/1/2015,5:41:00 PM,9.41
9/1/2015,6:11:00 PM,9.312
9/1/2015,6:41:00 PM,9.238
9/1/2015,7:11:00 PM,9.163
9/1/2015,7:41:00 PM,9.064
9/1/2015,8:11:00 PM,8.99
9/1/2015,8:41:00 PM,8.866
9/1/2015,9:11:00 PM,8.668
9/1/2015,9:41:00 PM,8.419
9/1/2015,10:11:00 PM,8.145
9/1/2015,10:41:00 PM,7.895
9/1/2015,11:11:00 PM,7.645
9/1/2015,11:41:00 PM,7.419
9/2/2015,12:11:00 AM,7.217
9/2/2015,12:41:00 AM,7.015
9/2/2015,1:11:00 AM,6.813
9/2/2015,1:41:00 AM,6.636
9/2/2015,2:11:00 AM,6.458
9/2/2015,2:41:00 AM,6.281
9/2/2015,3:11:00 AM,6.102
9/2/2015,3:41:00 AM,5.949
9/2/2015,4:11:00 AM,5.796
9/2/2015,4:41:00 AM,5.642
9/2/2015,5:11:00 AM,5.514
9/2/2015,5:41:00 AM,5.36
9/2/2015,6:11:00 AM,5.231
9/2/2015,6:41:00 AM,5.102
9/2/2015,7:11:00 AM,4.999
9/2/2015,7:41:00 AM,4.895
9/2/2015,8:11:00 AM,4.818
9/2/2015,8:41:00 AM,4.818
9/2/2015,9:11:00 AM,4.818
9/2/2015,9:41:00 AM,4.895
9/2/2015,10:11:00 AM,5.128
9/2/2015,10:41:00 AM,5.308
9/2/2015,11:11:00 AM,5.565
9/2/2015,11:41:00 AM,5.924
9/2/2015,12:11:00 PM,6.382
9/2/2015,12:41:00 PM,6.687
9/2/2015,1:11:00 PM,7.116
9/2/2015,1:41:00 PM,7.594
9/2/2015,2:11:00 PM,8.095
9/2/2015,2:41:00 PM,8.444
9/2/2015,3:11:00 PM,8.668
9/2/2015,3:41:00 PM,8.693
9/2/2015,4:11:00 PM,8.767
9/2/2015,4:41:00 PM,8.866
9/2/2015,5:11:00 PM,8.941
9/2/2015,5:41:00 PM,9.04
9/2/2015,6:11:00 PM,9.114
9/2/2015,6:41:00 PM,9.089
9/2/2015,7:11:00 PM,9.04
9/2/2015,7:41:00 PM,8.99
9/2/2015,8:11:00 PM,8.965
9/2/2015,8:41:00 PM,8.916
9/2/2015,9:11:00 PM,8.866
9/2/2015,9:41:00 PM,8.817
9/2/2015,10:11:00 PM,8.767
9/2/2015,10:41:00 PM,8.693
9/2/2015,11:11:00 PM,8.643
9/2/2015,11:41:00 PM,8.593
9/3/2015,12:11:00 AM,8.568
9/3/2015,12:41:00 AM,8.543
9/3/2015,1:11:00 AM,8.494
9/3/2015,1:41:00 AM,8.469
9/3/2015,2:11:00 AM,8.419
9/3/2015,2:41:00 AM,8.394
9/3/2015,3:11:00 AM,8.344
9/3/2015,3:41:00 AM,8.319
9/3/2015,4:11:00 AM,8.295
9/3/2015,4:41:00 AM,8.27
9/3/2015,5:11:00 AM,8.245
9/3/2015,5:41:00 AM,8.245
9/3/2015,6:11:00 AM,8.22
9/3/2015,6:41:00 AM,8.22
9/3/2015,7:11:00 AM,8.22
9/3/2015,7:41:00 AM,8.22
9/3/2015,8:11:00 AM,8.22
9/3/2015,8:41:00 AM,8.245
9/3/2015,9:11:00 AM,8.27
9/3/2015,9:41:00 AM,8.295
9/3/2015,10:11:00 AM,8.344
9/3/2015,10:41:00 AM,8.394
9/3/2015,11:11:00 AM,8.469
9/3/2015,11:41:00 AM,8.543
9/3/2015,12:11:00 PM,8.618
9/3/2015,12:41:00 PM,8.693
9/3/2015,1:11:00 PM,8.742
9/3/2015,1:41:00 PM,8.792
9/3/2015,2:11:00 PM,8.817
9/3/2015,2:41:00 PM,8.841
9/3/2015,3:11:00 PM,8.891
9/3/2015,3:41:00 PM,8.941
9/3/2015,4:11:00 PM,8.99
9/3/2015,4:41:00 PM,9.015
9/3/2015,5:11:00 PM,9.015
9/3/2015,5:41:00 PM,9.015
9/3/2015,6:11:00 PM,9.015
9/3/2015,6:41:00 PM,9.015
9/3/2015,7:11:00 PM,8.965
9/3/2015,7:41:00 PM,8.916
9/3/2015,8:11:00 PM,8.866
9/3/2015,8:41:00 PM,8.817
9/3/2015,9:11:00 PM,8.767
9/3/2015,9:41:00 PM,8.717
9/3/2015,10:11:00 PM,8.668
9/3/2015,10:41:00 PM,8.593
9/3/2015,11:11:00 PM,8.543
9/3/2015,11:41:00 PM,8.469
9/4/2015,12:11:00 AM,8.394
9/4/2015,12:41:00 AM,8.344
9/4/2015,1:11:00 AM,8.295
9/4/2015,1:41:00 AM,8.22
9/4/2015,2:11:00 AM,8.145
9/4/2015,2:41:00 AM,8.07
9/4/2015,3:11:00 AM,8.02
9/4/2015,3:41:00 AM,7.97
9/4/2015,4:11:00 AM,7.92
9/4/2015,4:41:00 AM,7.87
9/4/2015,5:11:00 AM,7.845
9/4/2015,5:41:00 AM,7.795
9/4/2015,6:11:00 AM,7.77
9/4/2015,6:41:00 AM,7.745
9/4/2015,7:11:00 AM,7.695
9/4/2015,7:41:00 AM,7.695
9/4/2015,8:11:00 AM,7.67
9/4/2015,8:41:00 AM,7.695
9/4/2015,9:11:00 AM,7.745
9/4/2015,9:41:00 AM,7.795
9/4/2015,10:11:00 AM,7.82
9/4/2015,10:41:00 AM,7.87
9/4/2015,11:11:00 AM,7.92
9/4/2015,11:41:00 AM,7.995
9/4/2015,12:11:00 PM,8.07
9/4/2015,12:41:00 PM,8.17
9/4/2015,1:11:00 PM,8.344
9/4/2015,1:41:00 PM,8.519
9/4/2015,2:11:00 PM,8.668
9/4/2015,2:41:00 PM,8.817
9/4/2015,3:11:00 PM,8.941
9/4/2015,3:41:00 PM,9.064
9/4/2015,4:11:00 PM,9.163
9/4/2015,4:41:00 PM,9.213
9/4/2015,5:11:00 PM,9.238
9/4/2015,5:41:00 PM,9.287
9/4/2015,6:11:00 PM,9.336
9/4/2015,6:41:00 PM,9.386
9/4/2015,7:11:00 PM,9.386
9/4/2015,7:41:00 PM,9.386
9/4/2015,8:11:00 PM,9.361
9/4/2015,8:41:00 PM,9.287
9/4/2015,9:11:00 PM,9.238
9/4/2015,9:41:00 PM,9.188
9/4/2015,10:11:00 PM,9.163
9/4/2015,10:41:00 PM,9.114
9/4/2015,11:11:00 PM,9.064
9/4/2015,11:41:00 PM,9.015
9/5/2015,12:11:00 AM,8.99
9/5/2015,12:41:00 AM,8.916
9/5/2015,1:11:00 AM,8.817
9/5/2015,1:41:00 AM,8.742
9/5/2015,2:11:00 AM,8.643
9/5/2015,2:41:00 AM,8.593
9/5/2015,3:11:00 AM,8.519
9/5/2015,3:41:00 AM,8.419
9/5/2015,4:11:00 AM,8.319
9/5/2015,4:41:00 AM,8.245
9/5/2015,5:11:00 AM,8.12
9/5/2015,5:41:00 AM,8.02
9/5/2015,6:11:00 AM,7.895
9/5/2015,6:41:00 AM,7.82
9/5/2015,7:11:00 AM,7.77
9/5/2015,7:41:00 AM,7.745
9/5/2015,8:11:00 AM,7.745
9/5/2015,8:41:00 AM,7.77
9/5/2015,9:11:00 AM,7.845
9/5/2015,9:41:00 AM,7.92
9/5/2015,10:11:00 AM,8.02
9/5/2015,10:41:00 AM,8.145
9/5/2015,11:11:00 AM,8.295
9/5/2015,11:41:00 AM,8.469
9/5/2015,12:11:00 PM,8.643
9/5/2015,12:41:00 PM,8.841
9/5/2015,1:11:00 PM,8.965
9/5/2015,1:41:00 PM,9.114
9/5/2015,2:11:00 PM,9.262
9/5/2015,2:41:00 PM,9.41
9/5/2015,3:11:00 PM,9.558
9/5/2015,3:41:00 PM,9.657
9/5/2015,4:11:00 PM,9.805
9/5/2015,4:41:00 PM,9.879
9/5/2015,5:11:00 PM,9.928
9/5/2015,5:41:00 PM,9.952
9/5/2015,6:11:00 PM,9.952
9/5/2015,6:41:00 PM,9.928
9/5/2015,7:11:00 PM,9.903
9/5/2015,7:41:00 PM,9.854
9/5/2015,8:11:00 PM,9.805
9/5/2015,8:41:00 PM,9.731
9/5/2015,9:11:00 PM,9.657
9/5/2015,9:41:00 PM,9.583
9/5/2015,10:11:00 PM,9.534
9/5/2015,10:41:00 PM,9.46
9/5/2015,11:11:00 PM,9.41
9/5/2015,11:41:00 PM,9.336
9/6/2015,12:11:00 AM,9.287
9/6/2015,12:41:00 AM,9.238
9/6/2015,1:11:00 AM,9.188
9/6/2015,1:41:00 AM,9.139
9/6/2015,2:11:00 AM,9.089
9/6/2015,2:41:00 AM,9.015
9/6/2015,3:11:00 AM,8.965
9/6/2015,3:41:00 AM,8.891
9/6/2015,4:11:00 AM,8.817
9/6/2015,4:41:00 AM,8.767
9/6/2015,5:11:00 AM,8.717
9/6/2015,5:41:00 AM,8.643
9/6/2015,6:11:00 AM,8.568
9/6/2015,6:41:00 AM,8.519
9/6/2015,7:11:00 AM,8.469
9/6/2015,7:41:00 AM,8.444
9/6/2015,8:11:00 AM,8.394
9/6/2015,8:41:00 AM,8.394
9/6/2015,9:11:00 AM,8.394
9/6/2015,9:41:00 AM,8.419
9/6/2015,10:11:00 AM,8.469
9/6/2015,10:41:00 AM,8.618
9/6/2015,11:11:00 AM,8.792
9/6/2015,11:41:00 AM,8.891
9/6/2015,12:11:00 PM,9.064
9/6/2015,12:41:00 PM,9.188
9/6/2015,1:11:00 PM,9.336
9/6/2015,1:41:00 PM,9.46
9/6/2015,2:11:00 PM,9.558
9/6/2015,2:41:00 PM,9.632
9/6/2015,3:11:00 PM,9.682
9/6/2015,3:41:00 PM,9.706
9/6/2015,4:11:00 PM,9.756
9/6/2015,4:41:00 PM,9.756
9/6/2015,5:11:00 PM,9.756
9/6/2015,5:41:00 PM,9.78
9/6/2015,6:11:00 PM,9.829
9/6/2015,6:41:00 PM,9.854
9/6/2015,7:11:00 PM,9.829
9/6/2015,7:41:00 PM,9.829
9/6/2015,8:11:00 PM,9.805
9/6/2015,8:41:00 PM,9.731
9/6/2015,9:11:00 PM,9.657
9/6/2015,9:41:00 PM,9.583
9/6/2015,10:11:00 PM,9.534
9/6/2015,10:41:00 PM,9.485
9/6/2015,11:11:00 PM,9.435
9/6/2015,11:41:00 PM,9.41
9/7/2015,12:11:00 AM,9.386
9/7/2015,12:41:00 AM,9.336
9/7/2015,1:11:00 AM,9.287
9/7/2015,1:41:00 AM,9.238
9/7/2015,2:11:00 AM,9.163
9/7/2015,2:41:00 AM,9.114
9/7/2015,3:11:00 AM,9.04
9/7/2015,3:41:00 AM,8.99
9/7/2015,4:11:00 AM,8.916
9/7/2015,4:41:00 AM,8.841
9/7/2015,5:11:00 AM,8.742
9/7/2015,5:41:00 AM,8.643
9/7/2015,6:11:00 AM,8.519
9/7/2015,6:41:00 AM,8.394
9/7/2015,7:11:00 AM,8.295
9/7/2015,7:41:00 AM,8.17
9/7/2015,8:11:00 AM,8.07
9/7/2015,8:41:00 AM,8.02
9/7/2015,9:11:00 AM,8.02
9/7/2015,9:41:00 AM,8.12
9/7/2015,10:11:00 AM,8.22
9/7/2015,10:41:00 AM,8.319
9/7/2015,11:11:00 AM,8.494
9/7/2015,11:41:00 AM,8.618
9/7/2015,12:11:00 PM,8.941
9/7/2015,12:41:00 PM,9.139
9/7/2015,1:11:00 PM,9.213
9/7/2015,1:41:00 PM,9.583
9/7/2015,2:11:00 PM,9.657
9/7/2015,2:41:00 PM,9.805
9/7/2015,3:11:00 PM,10.222
9/7/2015,3:41:00 PM,10.443
9/7/2015,4:11:00 PM,10.59
9/7/2015,4:41:00 PM,10.516
9/7/2015,5:11:00 PM,10.492
9/7/2015,5:41:00 PM,10.541
9/7/2015,6:11:00 PM,10.467
9/7/2015,6:41:00 PM,10.271
9/7/2015,7:11:00 PM,10.173
9/7/2015,7:41:00 PM,10.1
9/7/2015,8:11:00 PM,10.001
9/7/2015,8:41:00 PM,9.928
9/7/2015,9:11:00 PM,9.903
9/7/2015,9:41:00 PM,9.879
9/7/2015,10:11:00 PM,9.854
9/7/2015,10:41:00 PM,9.805
9/7/2015,11:11:00 PM,9.78
9/7/2015,11:41:00 PM,9.706
9/8/2015,12:11:00 AM,9.657
9/8/2015,12:41:00 AM,9.558
9/8/2015,1:11:00 AM,9.509
9/8/2015,1:41:00 AM,9.435
9/8/2015,2:11:00 AM,9.361
9/8/2015,2:41:00 AM,9.287
9/8/2015,3:11:00 AM,9.238
9/8/2015,3:41:00 AM,9.163
9/8/2015,4:11:00 AM,9.04
9/8/2015,4:41:00 AM,8.941
9/8/2015,5:11:00 AM,8.792
9/8/2015,5:41:00 AM,8.693
9/8/2015,6:11:00 AM,8.568
9/8/2015,6:41:00 AM,8.494
9/8/2015,7:11:00 AM,8.419
9/8/2015,7:41:00 AM,8.344
9/8/2015,8:11:00 AM,8.295
9/8/2015,8:41:00 AM,8.27
9/8/2015,9:11:00 AM,8.27
9/8/2015,9:41:00 AM,8.27
9/8/2015,10:11:00 AM,8.319
9/8/2015,10:41:00 AM,8.394
9/8/2015,11:11:00 AM,8.469
9/8/2015,11:41:00 AM,8.593
9/8/2015,12:11:00 PM,8.742
9/8/2015,12:41:00 PM,8.841
9/8/2015,1:11:00 PM,8.891
9/8/2015,1:41:00 PM,8.941
9/8/2015,2:11:00 PM,9.015
9/8/2015,2:41:00 PM,9.064
9/8/2015,3:11:00 PM,9.114
9/8/2015,3:41:00 PM,9.139
9/8/2015,4:11:00 PM,9.188
9/8/2015,4:41:00 PM,9.336
9/8/2015,5:11:00 PM,9.361
9/8/2015,5:41:00 PM,9.41
9/8/2015,6:11:00 PM,9.435
9/8/2015,6:41:00 PM,9.46
9/8/2015,7:11:00 PM,9.435
9/8/2015,7:41:00 PM,9.41
9/8/2015,8:11:00 PM,9.386
9/8/2015,8:41:00 PM,9.336
9/8/2015,9:11:00 PM,9.312
9/8/2015,9:41:00 PM,9.262
9/8/2015,10:11:00 PM,9.238
9/8/2015,10:41:00 PM,9.188
9/8/2015,11:11:00 PM,9.163
9/8/2015,11:41:00 PM,9.114
9/9/2015,12:11:00 AM,9.089
9/9/2015,12:41:00 AM,9.04
9/9/2015,1:11:00 AM,8.99
9/9/2015,1:41:00 AM,8.941
9/9/2015,2:11:00 AM,8.891
9/9/2015,2:41:00 AM,8.817
9/9/2015,3:11:00 AM,8.767
9/9/2015,3:41:00 AM,8.693
9/9/2015,4:11:00 AM,8.618
9/9/2015,4:41:00 AM,8.568
9/9/2015,5:11:00 AM,8.494
9/9/2015,5:41:00 AM,8.444
9/9/2015,6:11:00 AM,8.369
9/9/2015,6:41:00 AM,8.295
9/9/2015,7:11:00 AM,8.245
9/9/2015,7:41:00 AM,8.195
9/9/2015,8:11:00 AM,8.12
9/9/2015,8:41:00 AM,8.095
9/9/2015,9:11:00 AM,8.07
9/9/2015,9:41:00 AM,8.07
9/9/2015,10:11:00 AM,8.095
9/9/2015,10:41:00 AM,8.145
9/9/2015,11:11:00 AM,8.195
9/9/2015,11:41:00 AM,8.27
9/9/2015,12:11:00 PM,8.419
9/9/2015,12:41:00 PM,8.494
9/9/2015,1:11:00 PM,8.618
9/9/2015,1:41:00 PM,8.742
9/9/2015,2:11:00 PM,8.841
9/9/2015,2:41:00 PM,8.866
9/9/2015,3:11:00 PM,8.891
9/9/2015,3:41:00 PM,8.965
9/9/2015,4:11:00 PM,9.015
9/9/2015,4:41:00 PM,9.064
9/9/2015,5:11:00 PM,9.114
9/9/2015,5:41:00 PM,9.114
9/9/2015,6:11:00 PM,9.139
9/9/2015,6:41:00 PM,9.139
9/9/2015,7:11:00 PM,9.139
9/9/2015,7:41:00 PM,9.114
9/9/2015,8:11:00 PM,9.114
9/9/2015,8:41:00 PM,9.089
9/9/2015,9:11:00 PM,9.064
9/9/2015,9:41:00 PM,9.04
9/9/2015,10:11:00 PM,8.99
9/9/2015,10:41:00 PM,8.965
9/9/2015,11:11:00 PM,8.941
9/9/2015,11:41:00 PM,8.891
9/10/2015,12:11:00 AM,8.866
9/10/2015,12:41:00 AM,8.792
9/10/2015,1:11:00 AM,8.717
9/10/2015,1:41:00 AM,8.643
9/10/2015,2:11:00 AM,8.543
9/10/2015,2:41:00 AM,8.469
9/10/2015,3:11:00 AM,8.394
9/10/2015,3:41:00 AM,8.319
9/10/2015,4:11:00 AM,8.27
9/10/2015,4:41:00 AM,8.22
9/10/2015,5:11:00 AM,8.17
9/10/2015,5:41:00 AM,8.12
9/10/2015,6:11:00 AM,8.07
9/10/2015,6:41:00 AM,8.02
9/10/2015,7:11:00 AM,7.92
9/10/2015,7:41:00 AM,7.845
9/10/2015,8:11:00 AM,7.77
9/10/2015,8:41:00 AM,7.72
9/10/2015,9:11:00 AM,7.695
9/10/2015,9:41:00 AM,7.795
9/10/2015,10:11:00 AM,7.87
9/10/2015,10:41:00 AM,7.995
9/10/2015,11:11:00 AM,8.02
9/10/2015,11:41:00 AM,8.195
9/10/2015,12:11:00 PM,8.469
9/10/2015,12:41:00 PM,8.519
9/10/2015,1:11:00 PM,8.693
9/10/2015,1:41:00 PM,8.841
9/10/2015,2:11:00 PM,9.015
9/10/2015,2:41:00 PM,9.213
9/10/2015,3:11:00 PM,9.386
9/10/2015,3:41:00 PM,9.485
9/10/2015,4:11:00 PM,9.558
9/10/2015,4:41:00 PM,9.706
9/10/2015,5:11:00 PM,9.756
9/10/2015,5:41:00 PM,9.706
9/10/2015,6:11:00 PM,9.731
9/10/2015,6:41:00 PM,9.756
9/10/2015,7:11:00 PM,9.805
9/10/2015,7:41:00 PM,9.756
9/10/2015,8:11:00 PM,9.682
9/10/2015,8:41:00 PM,9.583
9/10/2015,9:11:00 PM,9.46
9/10/2015,9:41:00 PM,9.361
9/10/2015,10:11:00 PM,9.238
9/10/2015,10:41:00 PM,9.114
9/10/2015,11:11:00 PM,9.015
9/10/2015,11:41:00 PM,8.916
9/11/2015,12:11:00 AM,8.792
9/11/2015,12:41:00 AM,8.693
9/11/2015,1:11:00 AM,8.618
9/11/2015,1:41:00 AM,8.568
9/11/2015,2:11:00 AM,8.494
9/11/2015,2:41:00 AM,8.469
9/11/2015,3:11:00 AM,8.419
9/11/2015,3:41:00 AM,8.369
9/11/2015,4:11:00 AM,8.319
9/11/2015,4:41:00 AM,8.27
9/11/2015,5:11:00 AM,8.22
9/11/2015,5:41:00 AM,8.17
9/11/2015,6:11:00 AM,8.12
9/11/2015,6:41:00 AM,8.07
9/11/2015,7:11:00 AM,8.02
9/11/2015,7:41:00 AM,7.945
9/11/2015,8:11:00 AM,7.895
9/11/2015,8:41:00 AM,7.87
9/11/2015,9:11:00 AM,7.845
9/11/2015,9:41:00 AM,7.87
9/11/2015,10:11:00 AM,7.895
9/11/2015,10:41:00 AM,7.945
9/11/2015,11:11:00 AM,8.02
9/11/2015,11:41:00 AM,8.195
9/11/2015,12:11:00 PM,8.369
9/11/2015,12:41:00 PM,8.519
9/11/2015,1:11:00 PM,8.693
9/11/2015,1:41:00 PM,9.064
9/11/2015,2:11:00 PM,9.262
9/11/2015,2:41:00 PM,9.262
9/11/2015,3:11:00 PM,9.435
9/11/2015,3:41:00 PM,9.534
9/11/2015,4:11:00 PM,9.805
9/11/2015,4:41:00 PM,9.854
9/11/2015,5:11:00 PM,9.952
9/11/2015,5:41:00 PM,10.149
9/11/2015,6:11:00 PM,10.1
9/11/2015,6:41:00 PM,10.026
9/11/2015,7:11:00 PM,10.026
9/11/2015,7:41:00 PM,9.977
9/11/2015,8:11:00 PM,9.879
9/11/2015,8:41:00 PM,9.805
9/11/2015,9:11:00 PM,9.731
9/11/2015,9:41:00 PM,9.657
9/11/2015,10:11:00 PM,9.558
9/11/2015,10:41:00 PM,9.46
9/11/2015,11:11:00 PM,9.361
9/11/2015,11:41:00 PM,9.238
9/12/2015,12:11:00 AM,9.163
9/12/2015,12:41:00 AM,9.064
9/12/2015,1:11:00 AM,8.99
9/12/2015,1:41:00 AM,8.941
9/12/2015,2:11:00 AM,8.866
9/12/2015,2:41:00 AM,8.866
9/12/2015,3:11:00 AM,8.866
9/12/2015,3:41:00 AM,8.841
9/12/2015,4:11:00 AM,8.817
9/12/2015,4:41:00 AM,8.767
9/12/2015,5:11:00 AM,8.742
9/12/2015,5:41:00 AM,8.693
9/12/2015,6:11:00 AM,8.618
9/12/2015,6:41:00 AM,8.543
9/12/2015,7:11:00 AM,8.469
9/12/2015,7:41:00 AM,8.369
9/12/2015,8:11:00 AM,8.27
9/12/2015,8:41:00 AM,8.195
9/12/2015,9:11:00 AM,8.145
9/12/2015,9:41:00 AM,8.12
9/12/2015,10:11:00 AM,8.12
9/12/2015,10:41:00 AM,8.17
9/12/2015,11:11:00 AM,8.22
9/12/2015,11:41:00 AM,8.344
9/12/2015,12:11:00 PM,8.419
9/12/2015,12:41:00 PM,8.543
9/12/2015,1:11:00 PM,8.643
9/12/2015,1:41:00 PM,8.866
9/12/2015,2:11:00 PM,9.015
9/12/2015,2:41:00 PM,9.163
9/12/2015,3:11:00 PM,9.435
9/12/2015,3:41:00 PM,9.657
9/12/2015,4:11:00 PM,9.657
9/12/2015,4:41:00 PM,9.632
9/12/2015,5:11:00 PM,9.706
9/12/2015,5:41:00 PM,9.682
9/12/2015,6:11:00 PM,9.756
9/12/2015,6:41:00 PM,9.657
9/12/2015,7:11:00 PM,9.534
9/12/2015,7:41:00 PM,9.386
9/12/2015,8:11:00 PM,9.213
9/12/2015,8:41:00 PM,9.04
9/12/2015,9:11:00 PM,8.817
9/12/2015,9:41:00 PM,8.643
9/12/2015,10:11:00 PM,8.469
9/12/2015,10:41:00 PM,8.295
9/12/2015,11:11:00 PM,8.12
9/12/2015,11:41:00 PM,7.945
9/13/2015,12:11:00 AM,7.77
9/13/2015,12:41:00 AM,7.594
9/13/2015,1:11:00 AM,7.419
9/13/2015,1:41:00 AM,7.268
9/13/2015,2:11:00 AM,7.116
9/13/2015,2:41:00 AM,6.99
9/13/2015,3:11:00 AM,6.864
9/13/2015,3:41:00 AM,6.712
9/13/2015,4:11:00 AM,6.611
9/13/2015,4:41:00 AM,6.458
9/13/2015,5:11:00 AM,6.331
9/13/2015,5:41:00 AM,6.179
9/13/2015,6:11:00 AM,6.051
9/13/2015,6:41:00 AM,5.924
9/13/2015,7:11:00 AM,5.821
9/13/2015,7:41:00 AM,5.719
9/13/2015,8:11:00 AM,5.642
9/13/2015,8:41:00 AM,5.616
9/13/2015,9:11:00 AM,5.591
9/13/2015,9:41:00 AM,5.642
9/13/2015,10:11:00 AM,5.796
9/13/2015,10:41:00 AM,5.949
9/13/2015,11:11:00 AM,6.128
9/13/2015,11:41:00 AM,6.306
9/13/2015,12:11:00 PM,6.509
9/13/2015,12:41:00 PM,6.687
9/13/2015,1:11:00 PM,6.864
9/13/2015,1:41:00 PM,7.015
9/13/2015,2:11:00 PM,7.192
9/13/2015,2:41:00 PM,7.393
9/13/2015,3:11:00 PM,7.569
9/13/2015,3:41:00 PM,7.745
9/13/2015,4:11:00 PM,7.97
9/13/2015,4:41:00 PM,8.095
9/13/2015,5:11:00 PM,8.145
9/13/2015,5:41:00 PM,8.17
9/13/2015,6:11:00 PM,8.145
9/13/2015,6:41:00 PM,8.12
9/13/2015,7:11:00 PM,8.07
9/13/2015,7:41:00 PM,8.02
9/13/2015,8:11:00 PM,7.97
9/13/2015,8:41:00 PM,7.92
9/13/2015,9:11:00 PM,7.895
9/13/2015,9:41:00 PM,7.87
9/13/2015,10:11:00 PM,7.845
9/13/2015,10:41:00 PM,7.845
9/13/2015,11:11:00 PM,7.82
9/13/2015,11:41:00 PM,7.795
9/14/2015,12:11:00 AM,7.77
9/14/2015,12:41:00 AM,7.77
9/14/2015,1:11:00 AM,7.745
9/14/2015,1:41:00 AM,7.72
9/14/2015,2:11:00 AM,7.72
9/14/2015,2:41:00 AM,7.67
9/14/2015,3:11:00 AM,7.645
9/14/2015,3:41:00 AM,7.619
9/14/2015,4:11:00 AM,7.569
9/14/2015,4:41:00 AM,7.519
9/14/2015,5:11:00 AM,7.494
9/14/2015,5:41:00 AM,7.444
9/14/2015,6:11:00 AM,7.393
9/14/2015,6:41:00 AM,7.318
9/14/2015,7:11:00 AM,7.268
9/14/2015,7:41:00 AM,7.192
9/14/2015,8:11:00 AM,7.142
9/14/2015,8:41:00 AM,7.091
9/14/2015,9:11:00 AM,7.066
9/14/2015,9:41:00 AM,7.066
9/14/2015,10:11:00 AM,7.066
9/14/2015,10:41:00 AM,7.116
9/14/2015,11:11:00 AM,7.192
9/14/2015,11:41:00 AM,7.343
9/14/2015,12:11:00 PM,7.469
9/14/2015,12:41:00 PM,7.569
9/14/2015,1:11:00 PM,7.619
9/14/2015,1:41:00 PM,7.82
9/14/2015,2:11:00 PM,8.22
9/14/2015,2:41:00 PM,8.344
9/14/2015,3:11:00 PM,8.519
9/14/2015,3:41:00 PM,8.593
9/14/2015,4:11:00 PM,8.643
9/14/2015,4:41:00 PM,8.767
9/14/2015,5:11:00 PM,8.866
9/14/2015,5:41:00 PM,8.866
9/14/2015,6:11:00 PM,8.916
9/14/2015,6:41:00 PM,8.916
9/14/2015,7:11:00 PM,8.866
9/14/2015,7:41:00 PM,8.866
9/14/2015,8:11:00 PM,8.841
9/14/2015,8:41:00 PM,8.817
9/14/2015,9:11:00 PM,8.792
9/14/2015,9:41:00 PM,8.717
9/14/2015,10:11:00 PM,8.643
9/14/2015,10:41:00 PM,8.568
9/14/2015,11:11:00 PM,8.519
9/14/2015,11:41:00 PM,8.444
9/15/2015,12:11:00 AM,8.369
9/15/2015,12:41:00 AM,8.295
9/15/2015,1:11:00 AM,8.245
9/15/2015,1:41:00 AM,8.17
9/15/2015,2:11:00 AM,8.095
9/15/2015,2:41:00 AM,8.045
9/15/2015,3:11:00 AM,7.995
9/15/2015,3:41:00 AM,7.945
9/15/2015,4:11:00 AM,7.895
9/15/2015,4:41:00 AM,7.845
9/15/2015,5:11:00 AM,7.795
9/15/2015,5:41:00 AM,7.745
9/15/2015,6:11:00 AM,7.695
9/15/2015,6:41:00 AM,7.67
9/15/2015,7:11:00 AM,7.619
9/15/2015,7:41:00 AM,7.619
9/15/2015,8:11:00 AM,7.594
9/15/2015,8:41:00 AM,7.594
9/15/2015,9:11:00 AM,7.619
9/15/2015,9:41:00 AM,7.67
9/15/2015,10:11:00 AM,7.745
9/15/2015,10:41:00 AM,7.87
9/15/2015,11:11:00 AM,7.945
9/15/2015,11:41:00 AM,8.07
9/15/2015,12:11:00 PM,8.145
9/15/2015,12:41:00 PM,8.17
9/15/2015,1:11:00 PM,8.245
9/15/2015,1:41:00 PM,8.295
9/15/2015,2:11:00 PM,8.344
9/15/2015,2:41:00 PM,8.419
9/15/2015,3:11:00 PM,8.494
9/15/2015,3:41:00 PM,8.568
9/15/2015,4:11:00 PM,8.643
9/15/2015,4:41:00 PM,8.717
9/15/2015,5:11:00 PM,8.767
9/15/2015,5:41:00 PM,8.817
9/15/2015,6:11:00 PM,8.866
9/15/2015,6:41:00 PM,8.891
9/15/2015,7:11:00 PM,8.866
9/15/2015,7:41:00 PM,8.792
9/15/2015,8:11:00 PM,8.693
9/15/2015,8:41:00 PM,8.568
9/15/2015,9:11:00 PM,8.444
9/15/2015,9:41:00 PM,8.295
9/15/2015,10:11:00 PM,8.17
9/15/2015,10:41:00 PM,8.02
9/15/2015,11:11:00 PM,7.895
9/15/2015,11:41:00 PM,7.72
9/16/2015,12:11:00 AM,7.569
9/16/2015,12:41:00 AM,7.419
9/16/2015,1:11:00 AM,7.293
9/16/2015,1:41:00 AM,7.192
9/16/2015,2:11:00 AM,7.091
9/16/2015,2:41:00 AM,6.99
9/16/2015,3:11:00 AM,6.914
9/16/2015,3:41:00 AM,6.864
9/16/2015,4:11:00 AM,6.788
9/16/2015,4:41:00 AM,6.712
9/16/2015,5:11:00 AM,6.636
9/16/2015,5:41:00 AM,6.56
9/16/2015,6:11:00 AM,6.509
9/16/2015,6:41:00 AM,6.458
9/16/2015,7:11:00 AM,6.408
9/16/2015,7:41:00 AM,6.382
9/16/2015,8:11:00 AM,6.357
9/16/2015,8:41:00 AM,6.357
9/16/2015,9:11:00 AM,6.357
9/16/2015,9:41:00 AM,6.382
9/16/2015,10:11:00 AM,6.433
9/16/2015,10:41:00 AM,6.509
9/16/2015,11:11:00 AM,6.611
9/16/2015,11:41:00 AM,6.737
9/16/2015,12:11:00 PM,6.965
9/16/2015,12:41:00 PM,7.091
9/16/2015,1:11:00 PM,7.318
9/16/2015,1:41:00 PM,7.419
9/16/2015,2:11:00 PM,7.519
9/16/2015,2:41:00 PM,7.695
9/16/2015,3:11:00 PM,7.92
9/16/2015,3:41:00 PM,8.12
9/16/2015,4:11:00 PM,8.07
9/16/2015,4:41:00 PM,8.12
9/16/2015,5:11:00 PM,8.095
9/16/2015,5:41:00 PM,8.07
9/16/2015,6:11:00 PM,8.045
9/16/2015,6:41:00 PM,8.02
9/16/2015,7:11:00 PM,7.97
9/16/2015,7:41:00 PM,7.92
9/16/2015,8:11:00 PM,7.87
9/16/2015,8:41:00 PM,7.795
9/16/2015,9:11:00 PM,7.745
9/16/2015,9:41:00 PM,7.67
9/16/2015,10:11:00 PM,7.569
9/16/2015,10:41:00 PM,7.469
9/16/2015,11:11:00 PM,7.368
9/16/2015,11:41:00 PM,7.268
9/17/2015,12:11:00 AM,7.192
9/17/2015,12:41:00 AM,7.142
9/17/2015,1:11:00 AM,7.066
9/17/2015,1:41:00 AM,7.015
9/17/2015,2:11:00 AM,6.94
9/17/2015,2:41:00 AM,6.889
9/17/2015,3:11:00 AM,6.839
9/17/2015,3:41:00 AM,6.763
9/17/2015,4:11:00 AM,6.712
9/17/2015,4:41:00 AM,6.661
9/17/2015,5:11:00 AM,6.585
9/17/2015,5:41:00 AM,6.535
9/17/2015,6:11:00 AM,6.484
9/17/2015,6:41:00 AM,6.433
9/17/2015,7:11:00 AM,6.408
9/17/2015,7:41:00 AM,6.357
9/17/2015,8:11:00 AM,6.306
9/17/2015,8:41:00 AM,6.306
9/17/2015,9:11:00 AM,6.306
9/17/2015,9:41:00 AM,6.306
9/17/2015,10:11:00 AM,6.306
9/17/2015,10:41:00 AM,6.357
9/17/2015,11:11:00 AM,6.382
9/17/2015,11:41:00 AM,6.408
9/17/2015,12:11:00 PM,6.509
9/17/2015,12:41:00 PM,6.585
9/17/2015,1:11:00 PM,6.636
9/17/2015,1:41:00 PM,6.712
9/17/2015,2:11:00 PM,6.889
9/17/2015,2:41:00 PM,6.965
9/17/2015,3:11:00 PM,7.066
9/17/2015,3:41:00 PM,7.142
9/17/2015,4:11:00 PM,7.268
9/17/2015,4:41:00 PM,7.293
9/17/2015,5:11:00 PM,7.318
9/17/2015,5:41:00 PM,7.368
9/17/2015,6:11:00 PM,7.393
9/17/2015,6:41:00 PM,7.318
9/17/2015,7:11:00 PM,7.242
9/17/2015,7:41:00 PM,7.192
9/17/2015,8:11:00 PM,7.091
9/17/2015,8:41:00 PM,6.99
9/17/2015,9:11:00 PM,6.914
9/17/2015,9:41:00 PM,6.864
9/17/2015,10:11:00 PM,6.839
9/17/2015,10:41:00 PM,6.788
9/17/2015,11:11:00 PM,6.737
9/17/2015,11:41:00 PM,6.661
9/18/2015,12:11:00 AM,6.611
9/18/2015,12:41:00 AM,6.535
9/18/2015,1:11:00 AM,6.484
9/18/2015,1:41:00 AM,6.408
9/18/2015,2:11:00 AM,6.281
9/18/2015,2:41:00 AM,6.102
9/18/2015,3:11:00 AM,6
9/18/2015,3:41:00 AM,5.924
9/18/2015,4:11:00 AM,5.872
9/18/2015,4:41:00 AM,5.847
9/18/2015,5:11:00 AM,5.796
9/18/2015,5:41:00 AM,5.745
9/18/2015,6:11:00 AM,5.693
9/18/2015,6:41:00 AM,5.591
9/18/2015,7:11:00 AM,5.539
9/18/2015,7:41:00 AM,5.488
9/18/2015,8:11:00 AM,5.437
9/18/2015,8:41:00 AM,5.385
9/18/2015,9:11:00 AM,5.334
9/18/2015,9:41:00 AM,5.308
9/18/2015,10:11:00 AM,5.334
9/18/2015,10:41:00 AM,5.334
9/18/2015,11:11:00 AM,5.411
9/18/2015,11:41:00 AM,5.539
9/18/2015,12:11:00 PM,5.719
9/18/2015,12:41:00 PM,5.924
9/18/2015,1:11:00 PM,5.975
9/18/2015,1:41:00 PM,5.975
9/18/2015,2:11:00 PM,6.026
9/18/2015,2:41:00 PM,6.179
9/18/2015,3:11:00 PM,6.484
9/18/2015,3:41:00 PM,6.712
9/18/2015,4:11:00 PM,6.763
9/18/2015,4:41:00 PM,6.712
9/18/2015,5:11:00 PM,6.712
9/18/2015,5:41:00 PM,6.763
9/18/2015,6:11:00 PM,6.788
9/18/2015,6:41:00 PM,6.864
9/18/2015,7:11:00 PM,6.864
9/18/2015,7:41:00 PM,6.839
9/18/2015,8:11:00 PM,6.763
9/18/2015,8:41:00 PM,6.636
9/18/2015,9:11:00 PM,6.458
9/18/2015,9:41:00 PM,6.281
9/18/2015,10:11:00 PM,6.102
9/18/2015,10:41:00 PM,5.949
9/18/2015,11:11:00 PM,5.821
9/18/2015,11:41:00 PM,5.668
9/19/2015,12:11:00 AM,5.514
9/19/2015,12:41:00 AM,5.36
9/19/2015,1:11:00 AM,5.205
9/19/2015,1:41:00 AM,5.05
9/19/2015,2:11:00 AM,4.921
9/19/2015,2:41:00 AM,4.792
9/19/2015,3:11:00 AM,4.688
9/19/2015,3:41:00 AM,4.558
9/19/2015,4:11:00 AM,4.454
9/19/2015,4:41:00 AM,4.35
9/19/2015,5:11:00 AM,4.272
9/19/2015,5:41:00 AM,4.168
9/19/2015,6:11:00 AM,4.089
9/19/2015,6:41:00 AM,4.011
9/19/2015,7:11:00 AM,3.932
9/19/2015,7:41:00 AM,3.854
9/19/2015,8:11:00 AM,3.775
9/19/2015,8:41:00 AM,3.722
9/19/2015,9:11:00 AM,3.722
9/19/2015,9:41:00 AM,3.749
9/19/2015,10:11:00 AM,3.854
9/19/2015,10:41:00 AM,3.958
9/19/2015,11:11:00 AM,4.063
9/19/2015,11:41:00 AM,4.194
9/19/2015,12:11:00 PM,4.35
9/19/2015,12:41:00 PM,4.688
9/19/2015,1:11:00 PM,4.818
9/19/2015,1:41:00 PM,4.921
9/19/2015,2:11:00 PM,5.076
9/19/2015,2:41:00 PM,5.308
9/19/2015,3:11:00 PM,5.539
9/19/2015,3:41:00 PM,5.719
9/19/2015,4:11:00 PM,5.796
9/19/2015,4:41:00 PM,5.847
9/19/2015,5:11:00 PM,5.975
9/19/2015,5:41:00 PM,6.102
9/19/2015,6:11:00 PM,6.179
9/19/2015,6:41:00 PM,6.204
9/19/2015,7:11:00 PM,6.153
9/19/2015,7:41:00 PM,6.102
9/19/2015,8:11:00 PM,6
9/19/2015,8:41:00 PM,5.898
9/19/2015,9:11:00 PM,5.821
9/19/2015,9:41:00 PM,5.745
9/19/2015,10:11:00 PM,5.668
9/19/2015,10:41:00 PM,5.616
9/19/2015,11:11:00 PM,5.539
9/19/2015,11:41:00 PM,5.462
9/20/2015,12:11:00 AM,5.411
9/20/2015,12:41:00 AM,5.36
9/20/2015,1:11:00 AM,5.308
9/20/2015,1:41:00 AM,5.282
9/20/2015,2:11:00 AM,5.231
9/20/2015,2:41:00 AM,5.154
9/20/2015,3:11:00 AM,5.102
9/20/2015,3:41:00 AM,5.05
9/20/2015,4:11:00 AM,4.947
9/20/2015,4:41:00 AM,4.844
9/20/2015,5:11:00 AM,4.766
9/20/2015,5:41:00 AM,4.688
9/20/2015,6:11:00 AM,4.61
9/20/2015,6:41:00 AM,4.532
9/20/2015,7:11:00 AM,4.48
9/20/2015,7:41:00 AM,4.428
9/20/2015,8:11:00 AM,4.376
9/20/2015,8:41:00 AM,4.35
9/20/2015,9:11:00 AM,4.376
9/20/2015,9:41:00 AM,4.428
9/20/2015,10:11:00 AM,4.48
9/20/2015,10:41:00 AM,4.558
9/20/2015,11:11:00 AM,4.688
9/20/2015,11:41:00 AM,4.766
9/20/2015,12:11:00 PM,4.869
9/20/2015,12:41:00 PM,5.05
9/20/2015,1:11:00 PM,5.308
9/20/2015,1:41:00 PM,5.437
9/20/2015,2:11:00 PM,5.539
9/20/2015,2:41:00 PM,5.796
9/20/2015,3:11:00 PM,5.924
9/20/2015,3:41:00 PM,6.051
9/20/2015,4:11:00 PM,6.204
9/20/2015,4:41:00 PM,6.255
9/20/2015,5:11:00 PM,6.281
9/20/2015,5:41:00 PM,6.382
9/20/2015,6:11:00 PM,6.458
9/20/2015,6:41:00 PM,6.458
9/20/2015,7:11:00 PM,6.408
9/20/2015,7:41:00 PM,6.433
9/20/2015,8:11:00 PM,6.408
9/20/2015,8:41:00 PM,6.382
9/20/2015,9:11:00 PM,6.306
9/20/2015,9:41:00 PM,6.179
9/20/2015,10:11:00 PM,6.026
9/20/2015,10:41:00 PM,5.872
9/20/2015,11:11:00 PM,5.745
9/20/2015,11:41:00 PM,5.616
9/21/2015,12:11:00 AM,5.514
9/21/2015,12:41:00 AM,5.411
9/21/2015,1:11:00 AM,5.308
9/21/2015,1:41:00 AM,5.179
9/21/2015,2:11:00 AM,5.05
9/21/2015,2:41:00 AM,4.921
9/21/2015,3:11:00 AM,4.792
9/21/2015,3:41:00 AM,4.662
9/21/2015,4:11:00 AM,4.584
9/21/2015,4:41:00 AM,4.48
9/21/2015,5:11:00 AM,4.402
9/21/2015,5:41:00 AM,4.298
9/21/2015,6:11:00 AM,4.194
9/21/2015,6:41:00 AM,4.089
9/21/2015,7:11:00 AM,4.011
9/21/2015,7:41:00 AM,3.932
9/21/2015,8:11:00 AM,3.906
9/21/2015,8:41:00 AM,3.88
9/21/2015,9:11:00 AM,3.88
9/21/2015,9:41:00 AM,3.958
9/21/2015,10:11:00 AM,4.063
9/21/2015,10:41:00 AM,4.141
9/21/2015,11:11:00 AM,4.246
9/21/2015,11:41:00 AM,4.454
9/21/2015,12:11:00 PM,4.584
9/21/2015,12:41:00 PM,4.74
9/21/2015,1:11:00 PM,4.895
9/21/2015,1:41:00 PM,4.947
9/21/2015,1:55:00 PM,
9/21/2015,1:55:00 PM,
9/21/2015,2:11:00 PM,5.024
9/21/2015,2:41:00 PM,5.128
9/21/2015,3:11:00 PM,5.257
9/21/2015,3:41:00 PM,5.36
9/21/2015,4:11:00 PM,5.411
9/21/2015,4:41:00 PM,5.488
9/21/2015,5:11:00 PM,5.539
9/21/2015,5:41:00 PM,5.565
9/21/2015,6:11:00 PM,5.539
9/21/2015,6:41:00 PM,5.565
9/21/2015,7:11:00 PM,5.565
9/21/2015,7:41:00 PM,5.539
9/21/2015,8:11:00 PM,5.514
9/21/2015,8:41:00 PM,5.488
9/21/2015,9:11:00 PM,5.462
9/21/2015,9:41:00 PM,5.437
9/21/2015,10:11:00 PM,5.411
9/21/2015,10:41:00 PM,5.411
9/21/2015,11:11:00 PM,5.385
9/21/2015,11:41:00 PM,5.334
9/22/2015,12:11:00 AM,5.282
9/22/2015,12:41:00 AM,5.205
9/22/2015,1:11:00 AM,5.154
9/22/2015,1:41:00 AM,5.076
9/22/2015,2:11:00 AM,4.973
9/22/2015,2:41:00 AM,4.869
9/22/2015,3:11:00 AM,4.766
9/22/2015,3:41:00 AM,4.636
9/22/2015,4:11:00 AM,4.506
9/22/2015,4:41:00 AM,4.402
9/22/2015,5:11:00 AM,4.298
9/22/2015,5:41:00 AM,4.194
9/22/2015,6:11:00 AM,4.089
9/22/2015,6:41:00 AM,4.011
9/22/2015,7:11:00 AM,3.932
9/22/2015,7:41:00 AM,3.827
9/22/2015,8:11:00 AM,3.749
9/22/2015,8:41:00 AM,3.67
9/22/2015,9:11:00 AM,3.617
9/22/2015,9:41:00 AM,3.591
9/22/2015,10:11:00 AM,3.617
9/22/2015,10:41:00 AM,3.643
9/22/2015,11:11:00 AM,3.749
9/22/2015,11:41:00 AM,3.88
9/22/2015,12:11:00 PM,4.037
9/22/2015,12:41:00 PM,4.246
9/22/2015,1:11:00 PM,4.376
9/22/2015,1:41:00 PM,4.662
9/22/2015,2:11:00 PM,4.818
9/22/2015,2:41:00 PM,5.05
9/22/2015,3:11:00 PM,5.231
9/22/2015,3:41:00 PM,5.385
9/22/2015,4:11:00 PM,5.437
9/22/2015,4:41:00 PM,5.437
9/22/2015,5:11:00 PM,5.488
9/22/2015,5:41:00 PM,5.539
9/22/2015,6:11:00 PM,5.539
9/22/2015,6:41:00 PM,5.514
9/22/2015,7:11:00 PM,5.488
9/22/2015,7:41:00 PM,5.411
9/22/2015,8:11:00 PM,5.334
9/22/2015,8:41:00 PM,5.231
9/22/2015,9:11:00 PM,5.128
9/22/2015,9:41:00 PM,5.05
9/22/2015,10:11:00 PM,4.921
9/22/2015,10:41:00 PM,4.844
9/22/2015,11:11:00 PM,4.766
9/22/2015,11:41:00 PM,4.662
9/23/2015,12:11:00 AM,4.532
9/23/2015,12:41:00 AM,4.428
9/23/2015,1:11:00 AM,4.298
9/23/2015,1:41:00 AM,4.168
9/23/2015,2:11:00 AM,4.037
9/23/2015,2:41:00 AM,3.932
9/23/2015,3:11:00 AM,3.801
9/23/2015,3:41:00 AM,3.696
9/23/2015,4:11:00 AM,3.564
9/23/2015,4:41:00 AM,3.433
9/23/2015,5:11:00 AM,3.301
9/23/2015,5:41:00 AM,3.168
9/23/2015,6:11:00 AM,3.009
9/23/2015,6:41:00 AM,2.85
9/23/2015,7:11:00 AM,2.717
9/23/2015,7:41:00 AM,2.584
9/23/2015,8:11:00 AM,2.45
9/23/2015,8:41:00 AM,2.343
9/23/2015,9:11:00 AM,2.262
9/23/2015,9:41:00 AM,2.209
9/23/2015,10:11:00 AM,2.209
9/23/2015,10:41:00 AM,2.262
9/23/2015,11:11:00 AM,2.343
9/23/2015,11:41:00 AM,2.503
9/23/2015,12:11:00 PM,2.664
9/23/2015,12:41:00 PM,2.85
9/23/2015,1:11:00 PM,3.036
9/23/2015,1:41:00 PM,3.327
9/23/2015,2:11:00 PM,3.512
9/23/2015,2:41:00 PM,3.722
9/23/2015,3:11:00 PM,3.906
9/23/2015,3:41:00 PM,4.037
9/23/2015,4:11:00 PM,4.115
9/23/2015,4:41:00 PM,4.089
9/23/2015,5:11:00 PM,4.141
9/23/2015,5:41:00 PM,4.168
9/23/2015,6:11:00 PM,4.194
9/23/2015,6:41:00 PM,4.141
9/23/2015,7:11:00 PM,4.089
9/23/2015,7:41:00 PM,4.011
9/23/2015,8:11:00 PM,3.88
9/23/2015,8:41:00 PM,3.775
9/23/2015,9:11:00 PM,3.67
9/23/2015,9:41:00 PM,3.564
9/23/2015,10:11:00 PM,3.459
9/23/2015,10:41:00 PM,3.354
9/23/2015,11:11:00 PM,3.248
9/23/2015,11:41:00 PM,3.142
9/24/2015,12:11:00 AM,3.036
9/24/2015,12:41:00 AM,2.956
9/24/2015,1:11:00 AM,2.85
9/24/2015,1:41:00 AM,2.744
9/24/2015,2:11:00 AM,2.637
9/24/2015,2:41:00 AM,2.53
9/24/2015,3:11:00 AM,2.423
9/24/2015,3:41:00 AM,2.316
9/24/2015,4:11:00 AM,2.209
9/24/2015,4:41:00 AM,2.101
9/24/2015,5:11:00 AM,1.994
9/24/2015,5:41:00 AM,1.886
9/24/2015,6:11:00 AM,1.778
9/24/2015,6:41:00 AM,1.67
9/24/2015,7:11:00 AM,1.534
9/24/2015,7:41:00 AM,1.425
9/24/2015,8:11:00 AM,1.317
9/24/2015,8:41:00 AM,1.208
9/24/2015,9:11:00 AM,1.126
9/24/2015,9:41:00 AM,1.099
9/24/2015,10:11:00 AM,1.126
9/24/2015,10:41:00 AM,1.18
9/24/2015,11:11:00 AM,1.317
9/24/2015,11:41:00 AM,1.507
9/24/2015,12:11:00 PM,1.697
9/24/2015,12:41:00 PM,1.967
9/24/2015,1:11:00 PM,2.128
9/24/2015,1:41:00 PM,2.477
9/24/2015,2:11:00 PM,2.69
9/24/2015,2:41:00 PM,2.93
9/24/2015,3:11:00 PM,3.116
9/24/2015,3:41:00 PM,3.274
9/24/2015,4:11:00 PM,3.354
9/24/2015,4:41:00 PM,3.354
9/24/2015,5:11:00 PM,3.38
9/24/2015,5:41:00 PM,3.433
9/24/2015,6:11:00 PM,3.459
9/24/2015,6:41:00 PM,3.459
9/24/2015,7:11:00 PM,3.406
9/24/2015,7:41:00 PM,3.327
9/24/2015,8:11:00 PM,3.221
9/24/2015,8:41:00 PM,3.089
9/24/2015,9:11:00 PM,2.983
9/24/2015,9:41:00 PM,2.877
9/24/2015,10:11:00 PM,2.77
9/24/2015,10:41:00 PM,2.69
9/24/2015,11:11:00 PM,2.584
9/24/2015,11:41:00 PM,2.503
9/25/2015,12:11:00 AM,2.423
9/25/2015,12:41:00 AM,2.343
9/25/2015,1:11:00 AM,2.262
9/25/2015,1:41:00 AM,2.209
9/25/2015,2:11:00 AM,2.155
9/25/2015,2:41:00 AM,2.074
9/25/2015,3:11:00 AM,2.047
9/25/2015,3:41:00 AM,1.994
9/25/2015,4:11:00 AM,1.967
9/25/2015,4:41:00 AM,1.94
9/25/2015,5:11:00 AM,1.94
9/25/2015,5:41:00 AM,1.94
9/25/2015,6:11:00 AM,1.913
9/25/2015,6:41:00 AM,1.913
9/25/2015,7:11:00 AM,1.913
9/25/2015,7:41:00 AM,1.967
9/25/2015,8:11:00 AM,1.994
9/25/2015,8:41:00 AM,2.074
9/25/2015,9:11:00 AM,2.155
9/25/2015,9:41:00 AM,2.262
9/25/2015,10:11:00 AM,2.396
9/25/2015,10:41:00 AM,2.557
9/25/2015,11:11:00 AM,2.744
9/25/2015,11:41:00 AM,2.956
9/25/2015,12:11:00 PM,3.195
9/25/2015,12:41:00 PM,3.38
9/25/2015,1:11:00 PM,3.591
9/25/2015,1:41:00 PM,3.88
9/25/2015,2:11:00 PM,4.089
9/25/2015,2:41:00 PM,4.272
9/25/2015,3:11:00 PM,4.454
9/25/2015,3:41:00 PM,4.636
9/25/2015,4:11:00 PM,4.869
9/25/2015,4:41:00 PM,5.024
9/25/2015,5:11:00 PM,5.179
9/25/2015,5:41:00 PM,5.282
9/25/2015,6:11:00 PM,5.385
9/25/2015,6:41:00 PM,5.462
9/25/2015,7:11:00 PM,5.488
9/25/2015,7:41:00 PM,5.462
9/25/2015,8:11:00 PM,5.411
9/25/2015,8:41:00 PM,5.36
9/25/2015,9:11:00 PM,5.308
9/25/2015,9:41:00 PM,5.282
9/25/2015,10:11:00 PM,5.257
9/25/2015,10:41:00 PM,5.257
9/25/2015,11:11:00 PM,5.257
9/25/2015,11:41:00 PM,5.282
9/26/2015,12:11:00 AM,5.308
9/26/2015,12:41:00 AM,5.334
9/26/2015,1:11:00 AM,5.334
9/26/2015,1:41:00 AM,5.36
9/26/2015,2:11:00 AM,5.385
9/26/2015,2:41:00 AM,5.385
9/26/2015,3:11:00 AM,5.385
9/26/2015,3:41:00 AM,5.411
9/26/2015,4:11:00 AM,5.411
9/26/2015,4:41:00 AM,5.437
9/26/2015,5:11:00 AM,5.462
9/26/2015,5:41:00 AM,5.488
9/26/2015,6:11:00 AM,5.488
9/26/2015,6:41:00 AM,5.514
9/26/2015,7:11:00 AM,5.514
9/26/2015,7:41:00 AM,5.514
9/26/2015,8:11:00 AM,5.488
9/26/2015,8:41:00 AM,5.488
9/26/2015,9:11:00 AM,5.514
9/26/2015,9:41:00 AM,5.539
9/26/2015,10:11:00 AM,5.591
9/26/2015,10:41:00 AM,5.693
9/26/2015,11:11:00 AM,5.821
9/26/2015,11:41:00 AM,5.949
9/26/2015,12:11:00 PM,6.077
9/26/2015,12:41:00 PM,6.204
9/26/2015,1:11:00 PM,6.357
9/26/2015,1:41:00 PM,6.484
9/26/2015,2:11:00 PM,6.636
9/26/2015,2:41:00 PM,6.737
9/26/2015,3:11:00 PM,6.839
9/26/2015,3:41:00 PM,6.864
9/26/2015,4:11:00 PM,6.914
9/26/2015,4:41:00 PM,6.94
9/26/2015,5:11:00 PM,6.965
9/26/2015,5:41:00 PM,6.99
9/26/2015,6:11:00 PM,7.015
9/26/2015,6:41:00 PM,7.015
9/26/2015,7:11:00 PM,6.99
9/26/2015,7:41:00 PM,6.965
9/26/2015,8:11:00 PM,6.94
9/26/2015,8:41:00 PM,6.889
9/26/2015,9:11:00 PM,6.864
9/26/2015,9:41:00 PM,6.839
9/26/2015,10:11:00 PM,6.813
9/26/2015,10:41:00 PM,6.763
9/26/2015,11:11:00 PM,6.763
9/26/2015,11:41:00 PM,6.737
9/27/2015,12:11:00 AM,6.712
9/27/2015,12:41:00 AM,6.712
9/27/2015,1:11:00 AM,6.687
9/27/2015,1:41:00 AM,6.687
9/27/2015,2:11:00 AM,6.661
9/27/2015,2:41:00 AM,6.661
9/27/2015,3:11:00 AM,6.636
9/27/2015,3:41:00 AM,6.636
9/27/2015,4:11:00 AM,6.611
9/27/2015,4:41:00 AM,6.611
9/27/2015,5:11:00 AM,6.585
9/27/2015,5:41:00 AM,6.585
9/27/2015,6:11:00 AM,6.56
9/27/2015,6:41:00 AM,6.535
9/27/2015,7:11:00 AM,6.509
9/27/2015,7:41:00 AM,6.484
9/27/2015,8:11:00 AM,6.484
9/27/2015,8:41:00 AM,6.458
9/27/2015,9:11:00 AM,6.433
9/27/2015,9:41:00 AM,6.433
9/27/2015,10:11:00 AM,6.408
9/27/2015,10:41:00 AM,6.433
9/27/2015,11:11:00 AM,6.433
9/27/2015,11:41:00 AM,6.484
9/27/2015,12:11:00 PM,6.509
9/27/2015,12:41:00 PM,6.535
9/27/2015,1:11:00 PM,6.56
9/27/2015,1:41:00 PM,6.585
9/27/2015,2:11:00 PM,6.611
9/27/2015,2:41:00 PM,6.661
9/27/2015,3:11:00 PM,6.661
9/27/2015,3:41:00 PM,6.687
9/27/2015,4:11:00 PM,6.737
9/27/2015,4:41:00 PM,6.788
9/27/2015,5:11:00 PM,6.813
9/27/2015,5:41:00 PM,6.839
9/27/2015,6:11:00 PM,6.864
9/27/2015,6:41:00 PM,6.864
9/27/2015,7:11:00 PM,6.864
9/27/2015,7:41:00 PM,6.839
9/27/2015,8:11:00 PM,6.813
9/27/2015,8:41:00 PM,6.788
9/27/2015,9:11:00 PM,6.763
9/27/2015,9:41:00 PM,6.737
9/27/2015,10:11:00 PM,6.712
9/27/2015,10:41:00 PM,6.687
9/27/2015,11:11:00 PM,6.661
9/27/2015,11:41:00 PM,6.636
9/28/2015,12:11:00 AM,6.611
9/28/2015,12:41:00 AM,6.585
9/28/2015,1:11:00 AM,6.585
9/28/2015,1:41:00 AM,6.56
9/28/2015,2:11:00 AM,6.535
9/28/2015,2:41:00 AM,6.509
9/28/2015,3:11:00 AM,6.509
9/28/2015,3:41:00 AM,6.509
9/28/2015,4:11:00 AM,6.509
9/28/2015,4:41:00 AM,6.484
9/28/2015,5:11:00 AM,6.484
9/28/2015,5:41:00 AM,6.484
9/28/2015,6:11:00 AM,6.484
9/28/2015,6:41:00 AM,6.458
9/28/2015,7:11:00 AM,6.458
9/28/2015,7:41:00 AM,6.458
9/28/2015,8:11:00 AM,6.458
9/28/2015,8:41:00 AM,6.458
9/28/2015,9:11:00 AM,6.484
9/28/2015,9:41:00 AM,6.535
9/28/2015,10:11:00 AM,6.585
9/28/2015,10:41:00 AM,6.636
9/28/2015,11:11:00 AM,6.687
9/28/2015,11:41:00 AM,6.737
9/28/2015,12:11:00 PM,6.813
9/28/2015,12:41:00 PM,6.889
9/28/2015,1:11:00 PM,6.965
9/28/2015,1:41:00 PM,7.015
9/28/2015,2:11:00 PM,7.091
9/28/2015,2:41:00 PM,7.167
9/28/2015,3:11:00 PM,7.192
9/28/2015,3:41:00 PM,7.217
9/28/2015,4:11:00 PM,7.242
9/28/2015,4:41:00 PM,7.268
9/28/2015,5:11:00 PM,7.318
9/28/2015,5:41:00 PM,7.343
9/28/2015,6:11:00 PM,7.343
9/28/2015,6:41:00 PM,7.368
9/28/2015,7:11:00 PM,7.368
9/28/2015,7:41:00 PM,7.368
9/28/2015,8:11:00 PM,7.393
9/28/2015,8:41:00 PM,7.393
9/28/2015,9:11:00 PM,7.419
9/28/2015,9:41:00 PM,7.419
9/28/2015,10:11:00 PM,7.419
9/28/2015,10:41:00 PM,7.393
9/28/2015,11:11:00 PM,7.368
9/28/2015,11:41:00 PM,7.318
9/29/2015,12:11:00 AM,7.293
9/29/2015,12:41:00 AM,7.242
9/29/2015,1:11:00 AM,7.217
9/29/2015,1:41:00 AM,7.167
9/29/2015,2:11:00 AM,7.091
9/29/2015,2:41:00 AM,7.041
9/29/2015,3:11:00 AM,6.99
9/29/2015,3:41:00 AM,6.965
9/29/2015,4:11:00 AM,6.914
9/29/2015,4:41:00 AM,6.889
9/29/2015,5:11:00 AM,6.839
9/29/2015,5:41:00 AM,6.788
9/29/2015,6:11:00 AM,6.737
9/29/2015,6:41:00 AM,6.712
9/29/2015,7:11:00 AM,6.636
9/29/2015,7:41:00 AM,6.585
9/29/2015,8:11:00 AM,6.535
9/29/2015,8:41:00 AM,6.484
9/29/2015,9:11:00 AM,6.433
9/29/2015,9:41:00 AM,6.408
9/29/2015,10:11:00 AM,6.382
9/29/2015,10:41:00 AM,6.357
9/29/2015,11:11:00 AM,6.357
9/29/2015,11:41:00 AM,6.357
9/29/2015,12:11:00 PM,6.331
9/29/2015,12:41:00 PM,6.331
9/29/2015,1:11:00 PM,6.357
9/29/2015,1:41:00 PM,6.357
9/29/2015,2:11:00 PM,6.357
9/29/2015,2:41:00 PM,6.357
9/29/2015,3:11:00 PM,6.306
9/29/2015,3:41:00 PM,6.281
9/29/2015,4:11:00 PM,6.255
9/29/2015,4:41:00 PM,6.179
9/29/2015,5:11:00 PM,6.102
9/29/2015,5:41:00 PM,6.051
9/29/2015,6:11:00 PM,5.872
9/29/2015,6:41:00 PM,5.668
9/29/2015,7:11:00 PM,5.514
9/29/2015,7:41:00 PM,5.231
9/29/2015,8:11:00 PM,4.947
9/29/2015,8:41:00 PM,4.895
9/29/2015,9:11:00 PM,4.714
9/29/2015,9:41:00 PM,4.584
9/29/2015,10:11:00 PM,4.428
9/29/2015,10:41:00 PM,4.298
9/29/2015,11:11:00 PM,4.272
9/29/2015,11:41:00 PM,4.272
9/30/2015,12:11:00 AM,4.246
9/30/2015,12:41:00 AM,4.22
9/30/2015,1:11:00 AM,4.194
9/30/2015,1:41:00 AM,4.246
9/30/2015,2:11:00 AM,4.272
9/30/2015,2:41:00 AM,4.298
9/30/2015,3:11:00 AM,4.324
9/30/2015,3:41:00 AM,4.324
9/30/2015,4:11:00 AM,4.35
9/30/2015,4:41:00 AM,4.35
9/30/2015,5:11:00 AM,4.35
9/30/2015,5:41:00 AM,4.324
9/30/2015,6:11:00 AM,4.298
9/30/2015,6:41:00 AM,4.272
9/30/2015,7:11:00 AM,4.272
9/30/2015,7:41:00 AM,4.246
9/30/2015,8:11:00 AM,4.22
9/30/2015,8:41:00 AM,4.194
9/30/2015,9:11:00 AM,4.141
9/30/2015,9:41:00 AM,4.141
9/30/2015,10:11:00 AM,4.115
9/30/2015,10:41:00 AM,4.115
9/30/2015,11:11:00 AM,4.141
9/30/2015,11:41:00 AM,4.194
9/30/2015,12:11:00 PM,4.272
9/30/2015,12:41:00 PM,4.324
9/30/2015,1:11:00 PM,4.428
9/30/2015,1:41:00 PM,4.532
9/30/2015,2:11:00 PM,4.61
9/30/2015,2:41:00 PM,4.74
9/30/2015,3:11:00 PM,4.844
9/30/2015,3:41:00 PM,4.921
9/30/2015,4:11:00 PM,4.999
9/30/2015,4:41:00 PM,5.024
9/30/2015,5:11:00 PM,5.05
9/30/2015,5:41:00 PM,5.05
9/30/2015,6:11:00 PM,4.999
9/30/2015,6:41:00 PM,4.973
9/30/2015,7:11:00 PM,4.895
9/30/2015,7:41:00 PM,4.818
9/30/2015,8:11:00 PM,4.74
9/30/2015,8:41:00 PM,4.662
9/30/2015,9:11:00 PM,4.558
9/30/2015,9:41:00 PM,4.454
9/30/2015,10:11:00 PM,4.35
9/30/2015,10:41:00 PM,4.246
9/30/2015,11:11:00 PM,4.115
9/30/2015,11:41:00 PM,4.011
10/1/2015,12:11:00 AM,3.932
10/1/2015,12:41:00 AM,3.932
10/1/2015,1:11:00 AM,3.749
10/1/2015,1:41:00 AM,3.67
10/1/2015,2:11:00 AM,3.591
10/1/2015,2:41:00 AM,3.512
10/1/2015,3:11:00 AM,3.433
10/1/2015,3:41:00 AM,3.354
10/1/2015,4:11:00 AM,3.301
10/1/2015,4:41:00 AM,3.221
10/1/2015,5:11:00 AM,3.168
10/1/2015,5:41:00 AM,3.089
10/1/2015,6:11:00 AM,3.036
10/1/2015,6:41:00 AM,2.956
10/1/2015,7:11:00 AM,2.903
10/1/2015,7:41:00 AM,2.823
10/1/2015,8:11:00 AM,2.77
10/1/2015,8:41:00 AM,2.717
10/1/2015,9:11:00 AM,2.664
10/1/2015,9:41:00 AM,2.637
10/1/2015,10:11:00 AM,2.637
10/1/2015,10:41:00 AM,2.664
10/1/2015,11:11:00 AM,2.744
10/1/2015,11:41:00 AM,2.877
10/1/2015,12:11:00 PM,3.009
10/1/2015,12:41:00 PM,3.116
10/1/2015,1:11:00 PM,3.248
10/1/2015,1:41:00 PM,3.406
10/1/2015,2:11:00 PM,3.564
10/1/2015,2:41:00 PM,3.696
10/1/2015,3:11:00 PM,3.827
10/1/2015,3:41:00 PM,3.932
10/1/2015,4:11:00 PM,4.037
10/1/2015,4:41:00 PM,4.115
10/1/2015,5:11:00 PM,4.168
10/1/2015,5:41:00 PM,4.22
10/1/2015,6:11:00 PM,4.246
10/1/2015,6:41:00 PM,4.272
10/1/2015,7:11:00 PM,4.246
10/1/2015,7:41:00 PM,4.246
10/1/2015,8:11:00 PM,4.22
10/1/2015,8:41:00 PM,4.194
10/1/2015,9:11:00 PM,4.168
10/1/2015,9:41:00 PM,4.141
10/1/2015,10:11:00 PM,4.115
10/1/2015,10:41:00 PM,4.089
10/1/2015,11:11:00 PM,4.063
10/1/2015,11:41:00 PM,4.037
10/2/2015,12:11:00 AM,4.011
10/2/2015,12:41:00 AM,3.985
10/2/2015,1:11:00 AM,3.958
10/2/2015,1:41:00 AM,3.932
10/2/2015,2:11:00 AM,3.932
10/2/2015,2:41:00 AM,3.932
10/2/2015,3:11:00 AM,3.958
10/2/2015,3:41:00 AM,3.958
10/2/2015,4:11:00 AM,3.958
10/2/2015,4:41:00 AM,3.958
10/2/2015,5:11:00 AM,3.985
10/2/2015,5:41:00 AM,3.985
10/2/2015,6:11:00 AM,4.011
10/2/2015,6:41:00 AM,4.011
10/2/2015,7:11:00 AM,4.037
10/2/2015,7:41:00 AM,4.063
10/2/2015,8:11:00 AM,4.089
10/2/2015,8:41:00 AM,4.115
10/2/2015,9:11:00 AM,4.115
10/2/2015,9:41:00 AM,4.168
10/2/2015,10:11:00 AM,4.194
10/2/2015,10:41:00 AM,4.246
10/2/2015,11:11:00 AM,4.324
10/2/2015,11:41:00 AM,4.402
10/2/2015,12:11:00 PM,4.454
10/2/2015,12:41:00 PM,4.506
10/2/2015,1:11:00 PM,4.584
10/2/2015,1:41:00 PM,4.688
10/2/2015,2:11:00 PM,4.766
10/2/2015,2:41:00 PM,4.869
10/2/2015,3:11:00 PM,4.921
10/2/2015,3:41:00 PM,4.973
10/2/2015,4:11:00 PM,5.024
10/2/2015,4:41:00 PM,5.076
10/2/2015,5:11:00 PM,5.102
10/2/2015,5:41:00 PM,5.102
10/2/2015,6:11:00 PM,5.128
10/2/2015,6:41:00 PM,5.128
10/2/2015,7:11:00 PM,5.154
10/2/2015,7:41:00 PM,5.154
10/2/2015,8:11:00 PM,5.154
10/2/2015,8:41:00 PM,5.154
10/2/2015,9:11:00 PM,5.128
10/2/2015,9:41:00 PM,5.128
10/2/2015,10:11:00 PM,5.102
10/2/2015,10:41:00 PM,5.076
10/2/2015,11:11:00 PM,5.076
10/2/2015,11:41:00 PM,5.05
10/3/2015,12:11:00 AM,5.024
10/3/2015,12:41:00 AM,5.024
10/3/2015,1:11:00 AM,4.999
10/3/2015,1:41:00 AM,4.973
10/3/2015,2:11:00 AM,4.973
10/3/2015,2:41:00 AM,4.947
10/3/2015,3:11:00 AM,4.947
10/3/2015,3:41:00 AM,4.921
10/3/2015,4:11:00 AM,4.921
10/3/2015,4:41:00 AM,4.921
10/3/2015,5:11:00 AM,4.921
10/3/2015,5:41:00 AM,4.895
10/3/2015,6:11:00 AM,4.895
10/3/2015,6:41:00 AM,4.895
10/3/2015,7:11:00 AM,4.895
10/3/2015,7:41:00 AM,4.869
10/3/2015,8:11:00 AM,4.869
10/3/2015,8:41:00 AM,4.869
10/3/2015,9:11:00 AM,4.844
10/3/2015,9:41:00 AM,4.844
10/3/2015,10:11:00 AM,4.844
10/3/2015,10:41:00 AM,4.869
10/3/2015,11:11:00 AM,4.921
10/3/2015,11:41:00 AM,4.947
10/3/2015,12:11:00 PM,5.076
10/3/2015,12:41:00 PM,5.102
10/3/2015,1:11:00 PM,5.179
10/3/2015,1:41:00 PM,5.411
10/3/2015,2:11:00 PM,5.488
10/3/2015,2:41:00 PM,5.591
10/3/2015,3:11:00 PM,5.668
10/3/2015,3:41:00 PM,5.719
10/3/2015,4:11:00 PM,5.796
10/3/2015,4:41:00 PM,5.847
10/3/2015,5:11:00 PM,5.872
10/3/2015,5:41:00 PM,5.898
10/3/2015,6:11:00 PM,5.924
10/3/2015,6:41:00 PM,5.898
10/3/2015,7:11:00 PM,5.924
10/3/2015,7:41:00 PM,5.924
10/3/2015,8:11:00 PM,5.898
10/3/2015,8:41:00 PM,5.872
10/3/2015,9:11:00 PM,5.847
10/3/2015,9:41:00 PM,5.821
10/3/2015,10:11:00 PM,5.796
10/3/2015,10:41:00 PM,5.745
10/3/2015,11:11:00 PM,5.719
10/3/2015,11:41:00 PM,5.693
10/4/2015,12:11:00 AM,5.668
10/4/2015,12:41:00 AM,5.642
10/4/2015,1:11:00 AM,5.616
10/4/2015,1:41:00 AM,5.591
10/4/2015,2:11:00 AM,5.565
10/4/2015,2:41:00 AM,5.565
10/4/2015,3:11:00 AM,5.514
10/4/2015,3:41:00 AM,5.462
10/4/2015,4:11:00 AM,5.411
10/4/2015,4:41:00 AM,5.411
10/4/2015,5:11:00 AM,5.36
10/4/2015,5:41:00 AM,5.334
10/4/2015,6:11:00 AM,5.385
10/4/2015,6:41:00 AM,5.179
10/4/2015,7:11:00 AM,5.128
10/4/2015,7:41:00 AM,5.024
10/4/2015,8:11:00 AM,4.999
10/4/2015,8:41:00 AM,4.999
10/4/2015,9:11:00 AM,4.844
10/4/2015,9:41:00 AM,4.792
10/4/2015,10:11:00 AM,4.818
10/4/2015,10:41:00 AM,4.818
10/4/2015,11:11:00 AM,4.895
10/4/2015,11:41:00 AM,4.999
10/4/2015,12:11:00 PM,4.973
10/4/2015,12:41:00 PM,5.05
10/4/2015,1:11:00 PM,5.257
10/4/2015,1:41:00 PM,5.257
10/4/2015,2:11:00 PM,5.411
10/4/2015,2:41:00 PM,5.591
10/4/2015,3:11:00 PM,5.642
10/4/2015,3:41:00 PM,5.745
10/4/2015,4:11:00 PM,5.898
10/4/2015,4:41:00 PM,6
10/4/2015,5:11:00 PM,6.051
10/4/2015,5:41:00 PM,6.102
10/4/2015,6:11:00 PM,6.128
10/4/2015,6:41:00 PM,6.153
10/4/2015,7:11:00 PM,6.153
10/4/2015,7:41:00 PM,6.153
10/4/2015,8:11:00 PM,6.128
10/4/2015,8:41:00 PM,6.102
10/4/2015,9:11:00 PM,6.077
10/4/2015,9:41:00 PM,6.051
10/4/2015,10:11:00 PM,6
10/4/2015,10:41:00 PM,5.949
10/4/2015,11:11:00 PM,5.924
10/4/2015,11:41:00 PM,5.898
10/5/2015,12:11:00 AM,5.847
10/5/2015,12:41:00 AM,5.821
10/5/2015,1:11:00 AM,5.796
10/5/2015,1:41:00 AM,5.745
10/5/2015,2:11:00 AM,5.719
10/5/2015,2:41:00 AM,5.668
10/5/2015,3:11:00 AM,5.642
10/5/2015,3:41:00 AM,5.616
10/5/2015,4:11:00 AM,5.591
10/5/2015,4:41:00 AM,5.539
10/5/2015,5:11:00 AM,5.514
10/5/2015,5:41:00 AM,5.462
10/5/2015,6:11:00 AM,5.462
10/5/2015,6:41:00 AM,5.411
10/5/2015,7:11:00 AM,5.385
10/5/2015,7:41:00 AM,5.36
10/5/2015,8:11:00 AM,5.334
10/5/2015,8:41:00 AM,5.308
10/5/2015,9:11:00 AM,5.282
10/5/2015,9:41:00 AM,5.205
10/5/2015,10:11:00 AM,5.205
10/5/2015,10:41:00 AM,5.205
10/5/2015,11:11:00 AM,5.231
10/5/2015,11:41:00 AM,5.257
10/5/2015,12:11:00 PM,5.308
10/5/2015,12:41:00 PM,5.36
10/5/2015,1:11:00 PM,5.411
10/5/2015,1:41:00 PM,5.488
10/5/2015,2:11:00 PM,5.591
10/5/2015,2:41:00 PM,5.693
10/5/2015,3:11:00 PM,5.796
10/5/2015,3:41:00 PM,5.872
10/5/2015,4:11:00 PM,5.924
10/5/2015,4:41:00 PM,5.975
10/5/2015,5:11:00 PM,6.026
10/5/2015,5:41:00 PM,6.026
10/5/2015,6:11:00 PM,6.051
10/5/2015,6:41:00 PM,6.077
10/5/2015,7:11:00 PM,6.077
10/5/2015,7:41:00 PM,6.077
10/5/2015,8:11:00 PM,6.077
10/5/2015,8:41:00 PM,6.077
10/5/2015,9:11:00 PM,6.051
10/5/2015,9:41:00 PM,6
10/5/2015,10:11:00 PM,5.975
10/5/2015,10:41:00 PM,5.924
10/5/2015,11:11:00 PM,5.898
10/5/2015,11:41:00 PM,5.847
10/6/2015,12:11:00 AM,5.821
10/6/2015,12:41:00 AM,5.796
10/6/2015,1:11:00 AM,5.745
10/6/2015,1:41:00 AM,5.719
10/6/2015,2:11:00 AM,5.693
10/6/2015,2:41:00 AM,5.642
10/6/2015,3:11:00 AM,5.591
10/6/2015,3:41:00 AM,5.565
10/6/2015,4:11:00 AM,5.514
10/6/2015,4:41:00 AM,5.462
10/6/2015,5:11:00 AM,5.411
10/6/2015,5:41:00 AM,5.36
10/6/2015,6:11:00 AM,5.334
10/6/2015,6:41:00 AM,5.282
10/6/2015,7:11:00 AM,5.257
10/6/2015,7:41:00 AM,5.205
10/6/2015,8:11:00 AM,5.154
10/6/2015,8:41:00 AM,5.128
10/6/2015,9:11:00 AM,5.102
10/6/2015,9:41:00 AM,5.076
10/6/2015,10:11:00 AM,5.05
10/6/2015,10:41:00 AM,5.024
10/6/2015,11:11:00 AM,5.024
10/6/2015,11:41:00 AM,5.024
10/6/2015,12:11:00 PM,5.024
10/6/2015,12:41:00 PM,5.024
10/6/2015,1:11:00 PM,5.05
10/6/2015,1:41:00 PM,5.076
10/6/2015,2:11:00 PM,5.102
10/6/2015,2:41:00 PM,5.154
10/6/2015,3:11:00 PM,5.179
10/6/2015,3:41:00 PM,5.231
10/6/2015,4:11:00 PM,5.257
10/6/2015,4:41:00 PM,5.308
10/6/2015,5:11:00 PM,5.334
10/6/2015,5:41:00 PM,5.36
10/6/2015,6:11:00 PM,5.385
10/6/2015,6:41:00 PM,5.437
10/6/2015,7:11:00 PM,5.437
10/6/2015,7:41:00 PM,5.462
10/6/2015,8:11:00 PM,5.488
10/6/2015,8:41:00 PM,5.488
10/6/2015,9:11:00 PM,5.488
10/6/2015,9:41:00 PM,5.514
10/6/2015,10:11:00 PM,5.514
10/6/2015,10:41:00 PM,5.514
10/6/2015,11:11:00 PM,5.514
10/6/2015,11:41:00 PM,5.514
10/7/2015,12:11:00 AM,5.514
10/7/2015,12:41:00 AM,5.514
10/7/2015,1:11:00 AM,5.488
10/7/2015,1:41:00 AM,5.488
10/7/2015,2:11:00 AM,5.488
10/7/2015,2:41:00 AM,5.488
10/7/2015,3:11:00 AM,5.462
10/7/2015,3:41:00 AM,5.462
10/7/2015,4:11:00 AM,5.462
10/7/2015,4:41:00 AM,5.437
10/7/2015,5:11:00 AM,5.437
10/7/2015,5:41:00 AM,5.411
10/7/2015,6:11:00 AM,5.411
10/7/2015,6:41:00 AM,5.385
10/7/2015,7:11:00 AM,5.36
10/7/2015,7:41:00 AM,5.36
10/7/2015,8:11:00 AM,5.334
10/7/2015,8:41:00 AM,5.308
10/7/2015,9:11:00 AM,5.308
10/7/2015,9:41:00 AM,5.282
10/7/2015,10:11:00 AM,5.282
10/7/2015,10:41:00 AM,5.257
10/7/2015,11:11:00 AM,5.257
10/7/2015,11:41:00 AM,5.257
10/7/2015,12:11:00 PM,5.282
10/7/2015,12:41:00 PM,5.308
10/7/2015,1:11:00 PM,5.36
10/7/2015,1:41:00 PM,5.411
10/7/2015,2:11:00 PM,5.462
10/7/2015,2:41:00 PM,5.539
10/7/2015,3:11:00 PM,5.668
10/7/2015,3:41:00 PM,5.77
10/7/2015,4:11:00 PM,5.847
10/7/2015,4:41:00 PM,5.898
10/7/2015,5:11:00 PM,5.975
10/7/2015,5:41:00 PM,6.026
10/7/2015,6:11:00 PM,6.051
10/7/2015,6:41:00 PM,6.102
10/7/2015,7:11:00 PM,6.102
10/7/2015,7:41:00 PM,6.102
10/7/2015,8:11:00 PM,6.102
10/7/2015,8:41:00 PM,6.102
10/7/2015,9:11:00 PM,6.077
10/7/2015,9:41:00 PM,6.077
10/7/2015,10:11:00 PM,6.051
10/7/2015,10:41:00 PM,6
10/7/2015,11:11:00 PM,5.975
10/7/2015,11:41:00 PM,5.949
10/8/2015,12:11:00 AM,5.924
10/8/2015,12:41:00 AM,5.898
10/8/2015,1:11:00 AM,5.847
10/8/2015,1:41:00 AM,5.796
10/8/2015,2:11:00 AM,5.77
10/8/2015,2:41:00 AM,5.719
10/8/2015,3:11:00 AM,5.668
10/8/2015,3:41:00 AM,5.642
10/8/2015,4:11:00 AM,5.616
10/8/2015,4:41:00 AM,5.591
10/8/2015,5:11:00 AM,5.539
10/8/2015,5:41:00 AM,5.514
10/8/2015,6:11:00 AM,5.488
10/8/2015,6:41:00 AM,5.488
10/8/2015,7:11:00 AM,5.462
10/8/2015,7:41:00 AM,5.462
10/8/2015,8:11:00 AM,5.437
10/8/2015,8:41:00 AM,5.437
10/8/2015,9:11:00 AM,5.411
10/8/2015,9:41:00 AM,5.411
10/8/2015,10:11:00 AM,5.411
10/8/2015,10:41:00 AM,5.411
10/8/2015,11:11:00 AM,5.437
10/8/2015,11:41:00 AM,5.462
10/8/2015,12:11:00 PM,5.539
10/8/2015,12:41:00 PM,5.591
10/8/2015,1:11:00 PM,5.668
10/8/2015,1:41:00 PM,5.719
10/8/2015,2:11:00 PM,5.821
10/8/2015,2:41:00 PM,5.898
10/8/2015,3:11:00 PM,6
10/8/2015,3:41:00 PM,6.102
10/8/2015,4:11:00 PM,6.23
10/8/2015,4:41:00 PM,6.331
10/8/2015,5:11:00 PM,6.458
10/8/2015,5:41:00 PM,6.56
10/8/2015,6:11:00 PM,6.611
10/8/2015,6:41:00 PM,6.661
10/8/2015,7:11:00 PM,6.687
10/8/2015,7:41:00 PM,6.712
10/8/2015,8:11:00 PM,6.712
10/8/2015,8:41:00 PM,6.737
10/8/2015,9:11:00 PM,6.737
10/8/2015,9:41:00 PM,6.737
10/8/2015,10:11:00 PM,6.712
10/8/2015,10:41:00 PM,6.687
10/8/2015,11:11:00 PM,6.661
10/8/2015,11:41:00 PM,6.636
10/9/2015,12:11:00 AM,6.636
10/9/2015,12:41:00 AM,6.611
10/9/2015,1:11:00 AM,6.56
10/9/2015,1:41:00 AM,6.509
10/9/2015,2:11:00 AM,6.458
10/9/2015,2:41:00 AM,6.433
10/9/2015,3:11:00 AM,6.382
10/9/2015,3:41:00 AM,6.306
10/9/2015,4:11:00 AM,6.255
10/9/2015,4:41:00 AM,6.179
10/9/2015,5:11:00 AM,6.128
10/9/2015,5:41:00 AM,6.102
10/9/2015,6:11:00 AM,6.051
10/9/2015,6:41:00 AM,6.026
10/9/2015,7:11:00 AM,6
10/9/2015,7:41:00 AM,5.975
10/9/2015,8:11:00 AM,5.949
10/9/2015,8:41:00 AM,5.898
10/9/2015,9:11:00 AM,5.872
10/9/2015,9:41:00 AM,5.847
10/9/2015,10:11:00 AM,5.796
10/9/2015,10:41:00 AM,5.77
10/9/2015,11:11:00 AM,5.77
10/9/2015,11:41:00 AM,5.77
10/9/2015,12:11:00 PM,5.796
10/9/2015,12:41:00 PM,5.847
10/9/2015,1:11:00 PM,5.898
10/9/2015,1:41:00 PM,5.975
10/9/2015,2:11:00 PM,6.051
10/9/2015,2:41:00 PM,6.179
10/9/2015,3:11:00 PM,6.281
10/9/2015,3:41:00 PM,6.408
10/9/2015,4:11:00 PM,6.484
10/9/2015,4:41:00 PM,6.56
10/9/2015,5:11:00 PM,6.661
10/9/2015,5:41:00 PM,6.712
10/9/2015,6:11:00 PM,6.737
10/9/2015,6:41:00 PM,6.763
10/9/2015,7:11:00 PM,6.763
10/9/2015,7:41:00 PM,6.737
10/9/2015,8:11:00 PM,6.737
10/9/2015,8:41:00 PM,6.712
10/9/2015,9:11:00 PM,6.687
10/9/2015,9:41:00 PM,6.661
10/9/2015,10:11:00 PM,6.636
10/9/2015,10:41:00 PM,6.611
10/9/2015,11:11:00 PM,6.56
10/9/2015,11:41:00 PM,6.509
10/10/2015,12:11:00 AM,6.484
10/10/2015,12:41:00 AM,6.433
10/10/2015,1:11:00 AM,6.408
10/10/2015,1:41:00 AM,6.382
10/10/2015,2:11:00 AM,6.357
10/10/2015,2:41:00 AM,6.331
10/10/2015,3:11:00 AM,6.306
10/10/2015,3:41:00 AM,6.281
10/10/2015,4:11:00 AM,6.255
10/10/2015,4:41:00 AM,6.23
10/10/2015,5:11:00 AM,6.204
10/10/2015,5:41:00 AM,6.179
10/10/2015,6:11:00 AM,6.179
10/10/2015,6:41:00 AM,6.153
10/10/2015,7:11:00 AM,6.153
10/10/2015,7:41:00 AM,6.128
10/10/2015,8:11:00 AM,6.128
10/10/2015,8:41:00 AM,6.102
10/10/2015,9:11:00 AM,6.102
10/10/2015,9:41:00 AM,6.077
10/10/2015,10:11:00 AM,6.077
10/10/2015,10:41:00 AM,6.077
10/10/2015,11:11:00 AM,6.051
10/10/2015,11:41:00 AM,6.051
10/10/2015,12:11:00 PM,6
10/10/2015,12:41:00 PM,5.975
10/10/2015,1:11:00 PM,5.949
10/10/2015,1:41:00 PM,5.975
10/10/2015,2:11:00 PM,6
10/10/2015,2:41:00 PM,6
10/10/2015,3:11:00 PM,6
10/10/2015,3:41:00 PM,6
10/10/2015,4:11:00 PM,6
10/10/2015,4:41:00 PM,6
10/10/2015,5:11:00 PM,6.026
10/10/2015,5:41:00 PM,6.026
10/10/2015,6:11:00 PM,6.051
10/10/2015,6:41:00 PM,6.051
10/10/2015,7:11:00 PM,6
10/10/2015,7:41:00 PM,5.975
10/10/2015,8:11:00 PM,5.898
10/10/2015,8:41:00 PM,5.847
10/10/2015,9:11:00 PM,5.796
10/10/2015,9:41:00 PM,5.77
10/10/2015,10:11:00 PM,5.693
10/10/2015,10:41:00 PM,5.642
10/10/2015,11:11:00 PM,5.591
10/10/2015,11:41:00 PM,5.539
10/11/2015,12:11:00 AM,5.514
10/11/2015,12:41:00 AM,5.462
10/11/2015,1:11:00 AM,5.437
10/11/2015,1:41:00 AM,5.411
10/11/2015,2:11:00 AM,5.385
10/11/2015,2:41:00 AM,5.36
10/11/2015,3:11:00 AM,5.334
10/11/2015,3:41:00 AM,5.334
10/11/2015,4:11:00 AM,5.308
10/11/2015,4:41:00 AM,5.308
10/11/2015,5:11:00 AM,5.282
10/11/2015,5:41:00 AM,5.282
10/11/2015,6:11:00 AM,5.282
10/11/2015,6:41:00 AM,5.257
10/11/2015,7:11:00 AM,5.257
10/11/2015,7:41:00 AM,5.231
10/11/2015,8:11:00 AM,5.205
10/11/2015,8:41:00 AM,5.205
10/11/2015,9:11:00 AM,5.205
10/11/2015,9:41:00 AM,5.205
10/11/2015,10:11:00 AM,5.231
10/11/2015,10:41:00 AM,5.231
10/11/2015,11:11:00 AM,5.257
10/11/2015,11:41:00 AM,5.308
10/11/2015,12:11:00 PM,5.385
10/11/2015,12:41:00 PM,5.539
10/11/2015,1:11:00 PM,5.642
10/11/2015,1:41:00 PM,5.668
10/11/2015,2:11:00 PM,5.719
10/11/2015,2:41:00 PM,5.77
10/11/2015,3:11:00 PM,5.847
10/11/2015,3:41:00 PM,5.975
10/11/2015,4:11:00 PM,6.051
10/11/2015,4:41:00 PM,6.179
10/11/2015,5:11:00 PM,6.23
10/11/2015,5:41:00 PM,6.255
10/11/2015,6:11:00 PM,6.255
10/11/2015,6:41:00 PM,6.23
10/11/2015,7:11:00 PM,6.204
10/11/2015,7:41:00 PM,6.179
10/11/2015,8:11:00 PM,6.179
10/11/2015,8:41:00 PM,6.128
10/11/2015,9:11:00 PM,6.077
10/11/2015,9:41:00 PM,6.026
10/11/2015,10:11:00 PM,6
10/11/2015,10:41:00 PM,5.949
10/11/2015,11:11:00 PM,5.847
10/11/2015,11:41:00 PM,5.745
10/12/2015,12:11:00 AM,5.668
10/12/2015,12:41:00 AM,5.616
10/12/2015,1:11:00 AM,5.565
10/12/2015,1:41:00 AM,5.462
10/12/2015,2:11:00 AM,5.36
10/12/2015,2:41:00 AM,5.282
10/12/2015,3:11:00 AM,5.179
10/12/2015,3:41:00 AM,5.154
10/12/2015,4:11:00 AM,5.076
10/12/2015,4:41:00 AM,4.999
10/12/2015,5:11:00 AM,4.869
10/12/2015,5:41:00 AM,4.766
10/12/2015,6:11:00 AM,4.662
10/12/2015,6:41:00 AM,4.558
10/12/2015,7:11:00 AM,4.48
10/12/2015,7:41:00 AM,4.376
10/12/2015,8:11:00 AM,4.272
10/12/2015,8:41:00 AM,4.194
10/12/2015,9:11:00 AM,4.141
10/12/2015,9:41:00 AM,4.115
10/12/2015,10:11:00 AM,4.115
10/12/2015,10:41:00 AM,4.115
10/12/2015,11:11:00 AM,4.141
10/12/2015,11:41:00 AM,4.272
10/12/2015,12:11:00 PM,4.376
10/12/2015,12:41:00 PM,4.402
10/12/2015,1:11:00 PM,4.584
10/12/2015,1:41:00 PM,4.688
10/12/2015,2:11:00 PM,4.818
10/12/2015,2:41:00 PM,4.947
10/12/2015,3:11:00 PM,5.024
10/12/2015,3:41:00 PM,5.102
10/12/2015,4:11:00 PM,5.154
10/12/2015,4:41:00 PM,5.205
10/12/2015,5:11:00 PM,5.257
10/12/2015,5:41:00 PM,5.282
10/12/2015,6:11:00 PM,5.308
10/12/2015,6:41:00 PM,5.308
10/12/2015,7:11:00 PM,5.308
10/12/2015,7:41:00 PM,5.257
10/12/2015,8:11:00 PM,5.205
10/12/2015,8:41:00 PM,5.154
10/12/2015,9:11:00 PM,5.102
10/12/2015,9:41:00 PM,5.076
10/12/2015,10:11:00 PM,5.024
10/12/2015,10:41:00 PM,4.999
10/12/2015,11:11:00 PM,4.947
10/12/2015,11:41:00 PM,4.895
10/13/2015,12:11:00 AM,4.844
10/13/2015,12:41:00 AM,4.792
10/13/2015,1:11:00 AM,4.74
10/13/2015,1:41:00 AM,4.714
10/13/2015,2:11:00 AM,4.662
10/13/2015,2:41:00 AM,4.636
10/13/2015,3:11:00 AM,4.61
10/13/2015,3:41:00 AM,4.584
10/13/2015,4:11:00 AM,4.532
10/13/2015,4:41:00 AM,4.506
10/13/2015,5:11:00 AM,4.428
10/13/2015,5:41:00 AM,4.35
10/13/2015,6:11:00 AM,4.246
10/13/2015,6:41:00 AM,4.168
10/13/2015,7:11:00 AM,4.089
10/13/2015,7:41:00 AM,4.011
10/13/2015,8:11:00 AM,3.958
10/13/2015,8:41:00 AM,3.906
10/13/2015,9:11:00 AM,3.854
10/13/2015,9:41:00 AM,3.827
10/13/2015,10:11:00 AM,3.775
10/13/2015,10:41:00 AM,3.775
10/13/2015,11:11:00 AM,3.801
10/13/2015,11:41:00 AM,3.932
10/13/2015,12:11:00 PM,3.985
10/13/2015,12:41:00 PM,4.063
10/13/2015,1:11:00 PM,4.194
10/13/2015,1:41:00 PM,4.35
10/13/2015,2:11:00 PM,4.454
10/13/2015,2:41:00 PM,4.558
10/13/2015,3:11:00 PM,4.662
10/13/2015,3:41:00 PM,4.792
10/13/2015,4:11:00 PM,4.869
10/13/2015,4:41:00 PM,4.921
10/13/2015,5:11:00 PM,4.999
10/13/2015,5:41:00 PM,5.05
10/13/2015,6:11:00 PM,5.102
10/13/2015,6:41:00 PM,5.128
10/13/2015,7:11:00 PM,5.154
10/13/2015,7:41:00 PM,5.154
10/13/2015,8:11:00 PM,5.179
10/13/2015,8:41:00 PM,5.179
10/13/2015,9:11:00 PM,5.205
10/13/2015,9:41:00 PM,5.205
10/13/2015,10:11:00 PM,5.205
10/13/2015,10:41:00 PM,5.205
10/13/2015,11:11:00 PM,5.205
10/13/2015,11:41:00 PM,5.205
10/14/2015,12:11:00 AM,5.205
10/14/2015,12:41:00 AM,5.179
10/14/2015,1:11:00 AM,5.179
10/14/2015,1:41:00 AM,5.128
10/14/2015,2:11:00 AM,5.076
10/14/2015,2:41:00 AM,4.999
10/14/2015,3:11:00 AM,4.921
10/14/2015,3:41:00 AM,4.818
10/14/2015,4:11:00 AM,4.714
10/14/2015,4:41:00 AM,4.636
10/14/2015,5:11:00 AM,4.558
10/14/2015,5:41:00 AM,4.506
10/14/2015,6:11:00 AM,4.454
10/14/2015,6:41:00 AM,4.376
10/14/2015,7:11:00 AM,4.298
10/14/2015,7:41:00 AM,4.246
10/14/2015,8:11:00 AM,4.168
10/14/2015,8:41:00 AM,4.089
10/14/2015,9:11:00 AM,4.011
10/14/2015,9:41:00 AM,3.958
10/14/2015,10:11:00 AM,3.88
10/14/2015,10:41:00 AM,3.827
10/14/2015,11:11:00 AM,3.801
10/14/2015,11:41:00 AM,3.827
10/14/2015,12:11:00 PM,3.88
10/14/2015,12:41:00 PM,3.906
10/14/2015,1:11:00 PM,4.037
10/14/2015,1:41:00 PM,4.115
10/14/2015,2:11:00 PM,4.194
10/14/2015,2:41:00 PM,4.298
10/14/2015,3:11:00 PM,4.428
10/14/2015,3:41:00 PM,4.506
10/14/2015,4:11:00 PM,4.584
10/14/2015,4:41:00 PM,4.636
10/14/2015,5:11:00 PM,4.688
10/14/2015,5:41:00 PM,4.74
10/14/2015,6:11:00 PM,4.792
10/14/2015,6:41:00 PM,4.818
10/14/2015,7:11:00 PM,4.844
10/14/2015,7:41:00 PM,4.869
10/14/2015,8:11:00 PM,4.869
10/14/2015,8:41:00 PM,4.869
10/14/2015,9:11:00 PM,4.869
10/14/2015,9:41:00 PM,4.895
10/14/2015,10:11:00 PM,4.895
10/14/2015,10:41:00 PM,4.895
10/14/2015,11:11:00 PM,4.895
10/14/2015,11:41:00 PM,4.869
10/15/2015,12:11:00 AM,4.869
10/15/2015,12:41:00 AM,4.869
10/15/2015,1:11:00 AM,4.844
10/15/2015,1:41:00 AM,4.844
10/15/2015,2:11:00 AM,4.818
10/15/2015,2:41:00 AM,4.818
10/15/2015,3:11:00 AM,4.818
10/15/2015,3:41:00 AM,4.792
10/15/2015,4:11:00 AM,4.766
10/15/2015,4:41:00 AM,4.766
10/15/2015,5:11:00 AM,4.714
10/15/2015,5:41:00 AM,4.688
10/15/2015,6:11:00 AM,4.662
10/15/2015,6:41:00 AM,4.636
10/15/2015,7:11:00 AM,4.61
10/15/2015,7:41:00 AM,4.584
10/15/2015,8:11:00 AM,4.558
10/15/2015,8:41:00 AM,4.558
10/15/2015,9:11:00 AM,4.532
10/15/2015,9:41:00 AM,4.532
10/15/2015,10:11:00 AM,4.532
10/15/2015,10:41:00 AM,4.558
10/15/2015,11:11:00 AM,4.558
10/15/2015,11:41:00 AM,4.584
10/15/2015,12:11:00 PM,4.61
10/15/2015,12:41:00 PM,4.662
10/15/2015,1:11:00 PM,4.714
10/15/2015,1:41:00 PM,4.766
10/15/2015,2:11:00 PM,4.818
10/15/2015,2:41:00 PM,4.844
10/15/2015,3:11:00 PM,4.869
10/15/2015,3:41:00 PM,4.895
10/15/2015,4:11:00 PM,4.921
10/15/2015,4:41:00 PM,4.921
10/15/2015,5:11:00 PM,4.921
10/15/2015,5:41:00 PM,4.921
10/15/2015,6:11:00 PM,4.921
10/15/2015,6:41:00 PM,4.921
10/15/2015,7:11:00 PM,4.895
10/15/2015,7:41:00 PM,4.869
10/15/2015,8:11:00 PM,4.869
10/15/2015,8:41:00 PM,4.869
10/15/2015,9:11:00 PM,4.844
10/15/2015,9:41:00 PM,4.844
10/15/2015,10:11:00 PM,4.844
10/15/2015,10:41:00 PM,4.844
10/15/2015,11:11:00 PM,4.844
10/15/2015,11:41:00 PM,4.818
10/16/2015,12:11:00 AM,4.818
10/16/2015,12:41:00 AM,4.818
10/16/2015,1:11:00 AM,4.818
10/16/2015,1:41:00 AM,4.818
10/16/2015,2:11:00 AM,4.818
10/16/2015,2:41:00 AM,4.818
10/16/2015,3:11:00 AM,4.818
10/16/2015,3:41:00 AM,4.792
10/16/2015,4:11:00 AM,4.792
10/16/2015,4:41:00 AM,4.792
10/16/2015,5:11:00 AM,4.792
10/16/2015,5:41:00 AM,4.766
10/16/2015,6:11:00 AM,4.766
10/16/2015,6:41:00 AM,4.766
10/16/2015,7:11:00 AM,4.766
10/16/2015,7:41:00 AM,4.766
10/16/2015,8:11:00 AM,4.766
10/16/2015,8:41:00 AM,4.74
10/16/2015,9:11:00 AM,4.74
10/16/2015,9:41:00 AM,4.74
10/16/2015,10:11:00 AM,4.74
10/16/2015,10:41:00 AM,4.766
10/16/2015,11:11:00 AM,4.792
10/16/2015,11:41:00 AM,4.792
10/16/2015,12:11:00 PM,4.818
10/16/2015,12:41:00 PM,4.818
10/16/2015,1:11:00 PM,4.869
10/16/2015,1:41:00 PM,4.921
10/16/2015,2:11:00 PM,4.999
10/16/2015,2:41:00 PM,5.076
10/16/2015,3:11:00 PM,5.154
10/16/2015,3:41:00 PM,5.205
10/16/2015,4:11:00 PM,5.257
10/16/2015,4:41:00 PM,5.282
10/16/2015,5:11:00 PM,5.282
10/16/2015,5:41:00 PM,5.282
10/16/2015,6:11:00 PM,5.308
10/16/2015,6:41:00 PM,5.334
10/16/2015,7:11:00 PM,5.36
10/16/2015,7:41:00 PM,5.385
10/16/2015,8:11:00 PM,5.411
10/16/2015,8:41:00 PM,5.462
10/16/2015,9:11:00 PM,5.488
10/16/2015,9:41:00 PM,5.514
10/16/2015,10:11:00 PM,5.539
10/16/2015,10:41:00 PM,5.565
10/16/2015,11:11:00 PM,5.591
10/16/2015,11:41:00 PM,5.591
10/17/2015,12:11:00 AM,5.591
10/17/2015,12:41:00 AM,5.616
10/17/2015,1:11:00 AM,5.616
10/17/2015,1:41:00 AM,5.616
10/17/2015,2:11:00 AM,5.616
10/17/2015,2:41:00 AM,5.616
10/17/2015,3:11:00 AM,5.591
10/17/2015,3:41:00 AM,5.591
10/17/2015,4:11:00 AM,5.591
10/17/2015,4:41:00 AM,5.565
10/17/2015,5:11:00 AM,5.565
10/17/2015,5:41:00 AM,5.539
10/17/2015,6:11:00 AM,5.539
10/17/2015,6:41:00 AM,5.514
10/17/2015,7:11:00 AM,5.514
10/17/2015,7:41:00 AM,5.488
10/17/2015,8:11:00 AM,5.488
10/17/2015,8:41:00 AM,5.462
10/17/2015,9:11:00 AM,5.437
10/17/2015,9:41:00 AM,5.437
10/17/2015,10:11:00 AM,5.411
10/17/2015,10:41:00 AM,5.411
10/17/2015,11:11:00 AM,5.411
10/17/2015,11:41:00 AM,5.385
10/17/2015,12:11:00 PM,5.411
10/17/2015,12:41:00 PM,5.411
10/17/2015,1:11:00 PM,5.437
10/17/2015,1:41:00 PM,5.462
10/17/2015,2:11:00 PM,5.488
10/17/2015,2:41:00 PM,5.539
10/17/2015,3:11:00 PM,5.565
10/17/2015,3:41:00 PM,5.616
10/17/2015,4:11:00 PM,5.693
10/17/2015,4:41:00 PM,5.745
10/17/2015,5:11:00 PM,5.77
10/17/2015,5:41:00 PM,5.821
10/17/2015,6:11:00 PM,5.872
10/17/2015,6:41:00 PM,5.898
10/17/2015,7:11:00 PM,5.898
10/17/2015,7:41:00 PM,5.924
10/17/2015,8:11:00 PM,5.924
10/17/2015,8:41:00 PM,5.924
10/17/2015,9:11:00 PM,5.949
10/17/2015,9:41:00 PM,5.949
10/17/2015,10:11:00 PM,5.949
10/17/2015,10:41:00 PM,5.949
10/17/2015,11:11:00 PM,5.924
10/17/2015,11:41:00 PM,5.924
10/18/2015,12:11:00 AM,5.924
10/18/2015,12:41:00 AM,5.898
10/18/2015,1:11:00 AM,5.898
10/18/2015,1:41:00 AM,5.872
10/18/2015,2:11:00 AM,5.847
10/18/2015,2:41:00 AM,5.847
10/18/2015,3:11:00 AM,5.821
10/18/2015,3:41:00 AM,5.796
10/18/2015,4:11:00 AM,5.77
10/18/2015,4:41:00 AM,5.719
10/18/2015,5:11:00 AM,5.693
10/18/2015,5:41:00 AM,5.668
10/18/2015,6:11:00 AM,5.642
10/18/2015,6:41:00 AM,5.591
10/18/2015,7:11:00 AM,5.565
10/18/2015,7:41:00 AM,5.539
10/18/2015,8:11:00 AM,5.514
10/18/2015,8:41:00 AM,5.488
10/18/2015,9:11:00 AM,5.462
10/18/2015,9:41:00 AM,5.437
10/18/2015,10:11:00 AM,5.411
10/18/2015,10:41:00 AM,5.411
10/18/2015,11:11:00 AM,5.385
10/18/2015,11:41:00 AM,5.385
10/18/2015,12:11:00 PM,5.36
10/18/2015,12:41:00 PM,5.36
10/18/2015,1:11:00 PM,5.36
10/18/2015,1:41:00 PM,5.334
10/18/2015,2:11:00 PM,5.334
10/18/2015,2:41:00 PM,5.385
10/18/2015,3:11:00 PM,5.437
10/18/2015,3:41:00 PM,5.488
10/18/2015,4:11:00 PM,5.591
10/18/2015,4:41:00 PM,5.642
10/18/2015,5:11:00 PM,5.719
10/18/2015,5:41:00 PM,5.745
10/18/2015,6:11:00 PM,5.745
10/18/2015,6:41:00 PM,5.719
10/18/2015,7:11:00 PM,5.668
10/18/2015,7:41:00 PM,5.591
10/18/2015,8:11:00 PM,5.514
10/18/2015,8:41:00 PM,5.462
10/18/2015,9:11:00 PM,5.36
10/18/2015,9:41:00 PM,5.282
10/18/2015,10:11:00 PM,5.231
10/18/2015,10:41:00 PM,5.128
10/18/2015,11:11:00 PM,5.076
10/18/2015,11:41:00 PM,4.999
10/19/2015,12:11:00 AM,4.947
10/19/2015,12:41:00 AM,4.844
10/19/2015,1:11:00 AM,4.74
10/19/2015,1:41:00 AM,4.636
10/19/2015,2:11:00 AM,4.61
10/19/2015,2:41:00 AM,4.558
10/19/2015,3:11:00 AM,4.506
10/19/2015,3:41:00 AM,4.454
10/19/2015,4:11:00 AM,4.428
10/19/2015,4:41:00 AM,4.376
10/19/2015,5:11:00 AM,4.324
10/19/2015,5:41:00 AM,4.272
10/19/2015,6:11:00 AM,4.194
10/19/2015,6:41:00 AM,4.141
10/19/2015,7:11:00 AM,4.089
10/19/2015,7:41:00 AM,4.037
10/19/2015,8:11:00 AM,3.985
10/19/2015,8:41:00 AM,3.932
10/19/2015,9:11:00 AM,3.854
10/19/2015,9:41:00 AM,3.827
10/19/2015,10:11:00 AM,3.775
10/19/2015,10:41:00 AM,3.722
10/19/2015,11:11:00 AM,3.722
10/19/2015,11:41:00 AM,3.696
10/19/2015,12:11:00 PM,3.722
10/19/2015,12:41:00 PM,3.749
10/19/2015,1:11:00 PM,3.827
10/19/2015,1:41:00 PM,3.88
10/19/2015,2:11:00 PM,3.985
10/19/2015,2:41:00 PM,4.063
10/19/2015,3:11:00 PM,4.141
10/19/2015,3:41:00 PM,4.22
10/19/2015,4:11:00 PM,4.272
10/19/2015,4:41:00 PM,4.35
10/19/2015,5:11:00 PM,4.428
10/19/2015,5:41:00 PM,4.454
10/19/2015,6:11:00 PM,4.506
10/19/2015,6:41:00 PM,4.506
10/19/2015,7:11:00 PM,4.532
10/19/2015,7:41:00 PM,4.558
10/19/2015,8:11:00 PM,4.558
10/19/2015,8:41:00 PM,4.584
10/19/2015,9:11:00 PM,4.61
10/19/2015,9:41:00 PM,4.61
10/19/2015,10:11:00 PM,4.61
10/19/2015,10:41:00 PM,4.584
10/19/2015,11:11:00 PM,4.584
10/19/2015,11:41:00 PM,4.584
10/20/2015,12:11:00 AM,4.584
10/20/2015,12:41:00 AM,4.558
10/20/2015,1:11:00 AM,4.558
10/20/2015,1:41:00 AM,4.558
10/20/2015,2:11:00 AM,4.558
10/20/2015,2:41:00 AM,4.558
10/20/2015,3:11:00 AM,4.558
10/20/2015,3:41:00 AM,4.558
10/20/2015,4:11:00 AM,4.532
10/20/2015,4:41:00 AM,4.532
10/20/2015,5:11:00 AM,4.532
10/20/2015,5:41:00 AM,4.532
10/20/2015,6:11:00 AM,4.532
10/20/2015,6:41:00 AM,4.532
10/20/2015,7:11:00 AM,4.532
10/20/2015,7:41:00 AM,4.532
10/20/2015,8:11:00 AM,4.532
10/20/2015,8:41:00 AM,4.532
10/20/2015,9:11:00 AM,4.532
10/20/2015,9:41:00 AM,4.558
10/20/2015,10:11:00 AM,4.558
10/20/2015,10:41:00 AM,4.584
10/20/2015,11:11:00 AM,4.61
10/20/2015,11:41:00 AM,4.662
10/20/2015,12:11:00 PM,4.714
10/20/2015,12:41:00 PM,4.766
10/20/2015,1:11:00 PM,4.844
10/20/2015,1:41:00 PM,4.921
10/20/2015,2:11:00 PM,5.024
10/20/2015,2:41:00 PM,5.102
10/20/2015,3:11:00 PM,5.179
10/20/2015,3:41:00 PM,5.231
10/20/2015,4:11:00 PM,5.282
10/20/2015,4:41:00 PM,5.334
10/20/2015,5:11:00 PM,5.385
10/20/2015,5:41:00 PM,5.385
10/20/2015,6:11:00 PM,5.36
10/20/2015,6:41:00 PM,5.334
10/20/2015,7:11:00 PM,5.282
10/20/2015,7:41:00 PM,5.231
10/20/2015,8:11:00 PM,5.205
10/20/2015,8:41:00 PM,5.154
10/20/2015,9:11:00 PM,5.102
10/20/2015,9:41:00 PM,5.05
10/20/2015,10:11:00 PM,4.973
10/20/2015,10:41:00 PM,4.895
10/20/2015,11:11:00 PM,4.818
10/20/2015,11:41:00 PM,4.74
10/21/2015,12:11:00 AM,4.662
10/21/2015,12:41:00 AM,4.61
10/21/2015,1:11:00 AM,4.532
10/21/2015,1:41:00 AM,4.428
10/21/2015,2:11:00 AM,4.35
10/21/2015,2:41:00 AM,4.246
10/21/2015,3:11:00 AM,4.168
10/21/2015,3:41:00 AM,4.089
10/21/2015,4:11:00 AM,4.011
10/21/2015,4:41:00 AM,3.932
10/21/2015,5:11:00 AM,3.88
10/21/2015,5:41:00 AM,3.827
10/21/2015,6:11:00 AM,3.749
10/21/2015,6:41:00 AM,3.696
10/21/2015,7:11:00 AM,3.617
10/21/2015,7:41:00 AM,3.512
10/21/2015,8:11:00 AM,3.433
10/21/2015,8:41:00 AM,3.354
10/21/2015,9:11:00 AM,3.274
10/21/2015,9:41:00 AM,3.248
10/21/2015,10:11:00 AM,3.195
10/21/2015,10:41:00 AM,3.168
10/21/2015,11:11:00 AM,3.142
10/21/2015,11:41:00 AM,3.142
10/21/2015,12:11:00 PM,3.168
10/21/2015,12:41:00 PM,3.221
10/21/2015,1:11:00 PM,3.274
10/21/2015,1:41:00 PM,3.354
10/21/2015,2:11:00 PM,3.433
10/21/2015,2:41:00 PM,3.512
10/21/2015,3:11:00 PM,3.591
10/21/2015,3:41:00 PM,3.67
10/21/2015,4:11:00 PM,3.722
10/21/2015,4:41:00 PM,3.749
10/21/2015,5:11:00 PM,3.775
10/21/2015,5:41:00 PM,3.775
10/21/2015,6:11:00 PM,3.749
10/21/2015,6:41:00 PM,3.722
10/21/2015,7:11:00 PM,3.67
10/21/2015,7:41:00 PM,3.617
10/21/2015,8:11:00 PM,3.564
10/21/2015,8:41:00 PM,3.512
10/21/2015,9:11:00 PM,3.433
10/21/2015,9:41:00 PM,3.354
10/21/2015,10:11:00 PM,3.301
10/21/2015,10:41:00 PM,3.221
10/21/2015,11:11:00 PM,3.142
10/21/2015,11:41:00 PM,3.063
10/22/2015,12:11:00 AM,3.009
10/22/2015,12:41:00 AM,2.956
10/22/2015,1:11:00 AM,2.877
10/22/2015,1:41:00 AM,2.823
10/22/2015,2:11:00 AM,2.744
10/22/2015,2:41:00 AM,2.69
10/22/2015,3:11:00 AM,2.637
10/22/2015,3:41:00 AM,2.557
10/22/2015,4:11:00 AM,2.53
10/22/2015,4:41:00 AM,2.45
10/22/2015,5:11:00 AM,2.396
10/22/2015,5:41:00 AM,2.343
10/22/2015,6:11:00 AM,2.289
10/22/2015,6:41:00 AM,2.236
10/22/2015,7:11:00 AM,2.182
10/22/2015,7:41:00 AM,2.128
10/22/2015,8:11:00 AM,2.074
10/22/2015,8:41:00 AM,2.074
10/22/2015,9:11:00 AM,2.047
10/22/2015,9:41:00 AM,2.021
10/22/2015,10:11:00 AM,1.994
10/22/2015,10:41:00 AM,1.994
10/22/2015,11:11:00 AM,2.047
10/22/2015,11:41:00 AM,2.128
10/22/2015,12:11:00 PM,2.236
10/22/2015,12:41:00 PM,2.343
10/22/2015,1:11:00 PM,2.45
10/22/2015,1:41:00 PM,2.584
10/22/2015,2:11:00 PM,2.69
10/22/2015,2:41:00 PM,2.823
10/22/2015,3:11:00 PM,2.983
10/22/2015,3:41:00 PM,3.089
10/22/2015,4:11:00 PM,3.195
10/22/2015,4:41:00 PM,3.248
10/22/2015,5:11:00 PM,3.301
10/22/2015,5:41:00 PM,3.38
10/22/2015,6:11:00 PM,3.406
10/22/2015,6:41:00 PM,3.406
10/22/2015,7:11:00 PM,3.38
10/22/2015,7:41:00 PM,3.354
10/22/2015,8:11:00 PM,3.354
10/22/2015,8:41:00 PM,3.354
10/22/2015,9:11:00 PM,3.327
10/22/2015,9:41:00 PM,3.327
10/22/2015,10:11:00 PM,3.327
10/22/2015,10:41:00 PM,3.327
10/22/2015,11:11:00 PM,3.327
10/22/2015,11:41:00 PM,3.327
10/23/2015,12:11:00 AM,3.327
10/23/2015,12:41:00 AM,3.327
10/23/2015,1:11:00 AM,3.301
10/23/2015,1:41:00 AM,3.274
10/23/2015,2:11:00 AM,3.248
10/23/2015,2:41:00 AM,3.195
10/23/2015,3:11:00 AM,3.195
10/23/2015,3:41:00 AM,3.142
10/23/2015,4:11:00 AM,3.089
10/23/2015,4:41:00 AM,3.063
10/23/2015,5:11:00 AM,3.036
10/23/2015,5:41:00 AM,2.983
10/23/2015,6:11:00 AM,2.956
10/23/2015,6:41:00 AM,2.93
10/23/2015,7:11:00 AM,2.903
10/23/2015,7:41:00 AM,2.877
10/23/2015,8:11:00 AM,2.823
10/23/2015,8:41:00 AM,2.797
10/23/2015,9:11:00 AM,2.797
10/23/2015,9:41:00 AM,2.77
10/23/2015,10:11:00 AM,2.77
10/23/2015,10:41:00 AM,2.77
10/23/2015,11:11:00 AM,2.797
10/23/2015,11:41:00 AM,2.823
10/23/2015,12:11:00 PM,2.85
10/23/2015,12:41:00 PM,2.903
10/23/2015,1:11:00 PM,2.956
10/23/2015,1:41:00 PM,3.009
10/23/2015,2:11:00 PM,3.063
10/23/2015,2:41:00 PM,3.116
10/23/2015,3:11:00 PM,3.168
10/23/2015,3:41:00 PM,3.221
10/23/2015,4:11:00 PM,3.274
10/23/2015,4:41:00 PM,3.327
10/23/2015,5:11:00 PM,3.38
10/23/2015,5:41:00 PM,3.433
10/23/2015,6:11:00 PM,3.459
10/23/2015,6:41:00 PM,3.485
10/23/2015,7:11:00 PM,3.512
10/23/2015,7:41:00 PM,3.512
10/23/2015,8:11:00 PM,3.512
10/23/2015,8:41:00 PM,3.538
10/23/2015,9:11:00 PM,3.564
10/23/2015,9:41:00 PM,3.564
10/23/2015,10:11:00 PM,3.591
10/23/2015,10:41:00 PM,3.591
10/23/2015,11:11:00 PM,3.617
10/23/2015,11:41:00 PM,3.643
10/24/2015,12:11:00 AM,3.643
10/24/2015,12:41:00 AM,3.67
10/24/2015,1:11:00 AM,3.67
10/24/2015,1:41:00 AM,3.696
10/24/2015,2:11:00 AM,3.696
10/24/2015,2:41:00 AM,3.722
10/24/2015,3:11:00 AM,3.722
10/24/2015,3:41:00 AM,3.722
10/24/2015,4:11:00 AM,3.722
10/24/2015,4:41:00 AM,3.722
10/24/2015,5:11:00 AM,3.722
10/24/2015,5:41:00 AM,3.722
10/24/2015,6:11:00 AM,3.722
10/24/2015,6:41:00 AM,3.749
10/24/2015,7:11:00 AM,3.749
10/24/2015,7:41:00 AM,3.775
10/24/2015,8:11:00 AM,3.775
10/24/2015,8:41:00 AM,3.801
10/24/2015,9:11:00 AM,3.801
10/24/2015,9:41:00 AM,3.801
10/24/2015,10:11:00 AM,3.801
10/24/2015,10:41:00 AM,3.827
10/24/2015,11:11:00 AM,3.827
10/24/2015,11:41:00 AM,3.827
10/24/2015,12:11:00 PM,3.854
10/24/2015,12:41:00 PM,3.854
10/24/2015,1:11:00 PM,3.88
10/24/2015,1:41:00 PM,3.88
10/24/2015,2:11:00 PM,3.906
10/24/2015,2:41:00 PM,3.906
10/24/2015,3:11:00 PM,3.985
10/24/2015,3:41:00 PM,3.985
10/24/2015,4:11:00 PM,4.037
10/24/2015,4:41:00 PM,4.089
10/24/2015,5:11:00 PM,4.089
10/24/2015,5:41:00 PM,4.063
10/24/2015,6:11:00 PM,4.037
10/24/2015,6:41:00 PM,4.011
10/24/2015,7:11:00 PM,3.985
10/24/2015,7:41:00 PM,3.958
10/24/2015,8:11:00 PM,3.932
10/24/2015,8:41:00 PM,3.932
10/24/2015,9:11:00 PM,3.906
10/24/2015,9:41:00 PM,3.854
10/24/2015,10:11:00 PM,3.827
10/24/2015,10:41:00 PM,3.775
10/24/2015,11:11:00 PM,3.722
10/24/2015,11:41:00 PM,3.643
10/25/2015,12:11:00 AM,3.591
10/25/2015,12:41:00 AM,3.512
10/25/2015,1:11:00 AM,3.433
10/25/2015,1:41:00 AM,3.354
10/25/2015,2:11:00 AM,3.327
10/25/2015,2:41:00 AM,3.274
10/25/2015,3:11:00 AM,3.168
10/25/2015,3:41:00 AM,3.195
10/25/2015,4:11:00 AM,3.195
10/25/2015,4:41:00 AM,3.168
10/25/2015,5:11:00 AM,3.168
10/25/2015,5:41:00 AM,3.142
10/25/2015,6:11:00 AM,3.089
10/25/2015,6:41:00 AM,3.063
10/25/2015,7:11:00 AM,3.063
10/25/2015,7:41:00 AM,3.036
10/25/2015,8:11:00 AM,2.983
10/25/2015,8:41:00 AM,2.956
10/25/2015,9:11:00 AM,2.903
10/25/2015,9:41:00 AM,2.85
10/25/2015,10:11:00 AM,2.797
10/25/2015,10:41:00 AM,2.77
10/25/2015,11:11:00 AM,2.744
10/25/2015,11:41:00 AM,2.744
10/25/2015,12:11:00 PM,2.717
10/25/2015,12:41:00 PM,2.744
10/25/2015,1:11:00 PM,2.77
10/25/2015,1:41:00 PM,2.823
10/25/2015,2:11:00 PM,2.903
10/25/2015,2:41:00 PM,2.983
10/25/2015,3:11:00 PM,3.063
10/25/2015,3:41:00 PM,3.142
10/25/2015,4:11:00 PM,3.195
10/25/2015,4:41:00 PM,3.274
10/25/2015,5:11:00 PM,3.354
10/25/2015,5:41:00 PM,3.38
10/25/2015,6:11:00 PM,3.433
10/25/2015,6:41:00 PM,3.433
10/25/2015,7:11:00 PM,3.459
10/25/2015,7:41:00 PM,3.459
10/25/2015,8:11:00 PM,3.459
10/25/2015,8:41:00 PM,3.433
10/25/2015,9:11:00 PM,3.433
10/25/2015,9:41:00 PM,3.406
10/25/2015,10:11:00 PM,3.38
10/25/2015,10:41:00 PM,3.354
10/25/2015,11:11:00 PM,3.327
10/25/2015,11:41:00 PM,3.301
10/26/2015,12:11:00 AM,3.301
10/26/2015,12:41:00 AM,3.274
10/26/2015,1:11:00 AM,3.248
10/26/2015,1:41:00 AM,3.195
10/26/2015,2:11:00 AM,3.168
10/26/2015,2:41:00 AM,3.142
10/26/2015,3:11:00 AM,3.142
10/26/2015,3:41:00 AM,3.116
10/26/2015,4:11:00 AM,3.089
10/26/2015,4:41:00 AM,3.089
10/26/2015,5:11:00 AM,3.063
10/26/2015,5:41:00 AM,3.036
10/26/2015,6:11:00 AM,2.983
10/26/2015,6:41:00 AM,2.956
10/26/2015,7:11:00 AM,2.93
10/26/2015,7:41:00 AM,2.903
10/26/2015,8:11:00 AM,2.903
10/26/2015,8:41:00 AM,2.877
10/26/2015,9:11:00 AM,2.877
10/26/2015,9:41:00 AM,2.85
10/26/2015,10:11:00 AM,2.85
10/26/2015,10:41:00 AM,2.85
10/26/2015,11:11:00 AM,2.85
10/26/2015,11:41:00 AM,2.877
10/26/2015,12:11:00 PM,2.877
10/26/2015,12:41:00 PM,2.903
10/26/2015,1:11:00 PM,2.93
10/26/2015,1:41:00 PM,2.956
10/26/2015,2:11:00 PM,2.983
10/26/2015,2:41:00 PM,3.036
10/26/2015,3:11:00 PM,3.063
10/26/2015,3:41:00 PM,3.089
10/26/2015,4:11:00 PM,3.142
10/26/2015,4:41:00 PM,3.195
10/26/2015,5:11:00 PM,3.221
10/26/2015,5:41:00 PM,3.248
10/26/2015,6:11:00 PM,3.274
10/26/2015,6:41:00 PM,3.301
10/26/2015,7:11:00 PM,3.327
10/26/2015,7:41:00 PM,3.354
10/26/2015,8:11:00 PM,3.354
10/26/2015,8:41:00 PM,3.38
10/26/2015,9:11:00 PM,3.406
10/26/2015,9:41:00 PM,3.433
10/26/2015,10:11:00 PM,3.433
10/26/2015,10:41:00 PM,3.459
10/26/2015,11:11:00 PM,3.485
10/26/2015,11:41:00 PM,3.485
10/27/2015,12:11:00 AM,3.485
10/27/2015,12:41:00 AM,3.512
10/27/2015,1:11:00 AM,3.512
10/27/2015,1:41:00 AM,3.512
10/27/2015,2:11:00 AM,3.538
10/27/2015,2:41:00 AM,3.564
10/27/2015,3:11:00 AM,3.591
10/27/2015,3:41:00 AM,3.617
10/27/2015,4:11:00 AM,3.617
10/27/2015,4:41:00 AM,3.643
10/27/2015,5:11:00 AM,3.643
10/27/2015,5:41:00 AM,3.643
10/27/2015,6:11:00 AM,3.643
10/27/2015,6:41:00 AM,3.643
10/27/2015,7:11:00 AM,3.643
10/27/2015,7:41:00 AM,3.643
10/27/2015,8:11:00 AM,3.643
10/27/2015,8:41:00 AM,3.643
10/27/2015,9:11:00 AM,3.643
10/27/2015,9:41:00 AM,3.643
10/27/2015,10:11:00 AM,3.643
10/27/2015,10:41:00 AM,3.643
10/27/2015,11:11:00 AM,3.643
10/27/2015,11:41:00 AM,3.643
10/27/2015,12:11:00 PM,3.67
10/27/2015,12:41:00 PM,3.696
10/27/2015,1:11:00 PM,3.722
10/27/2015,1:41:00 PM,3.775
10/27/2015,2:11:00 PM,3.801
10/27/2015,2:41:00 PM,3.854
10/27/2015,3:11:00 PM,3.88
10/27/2015,3:41:00 PM,3.906
10/27/2015,4:11:00 PM,3.932
10/27/2015,4:41:00 PM,3.958
10/27/2015,5:11:00 PM,3.985
10/27/2015,5:41:00 PM,3.985
10/27/2015,6:11:00 PM,3.985
10/27/2015,6:41:00 PM,4.011
10/27/2015,7:11:00 PM,4.011
10/27/2015,7:41:00 PM,4.011
10/27/2015,8:11:00 PM,4.011
10/27/2015,8:41:00 PM,4.011
10/27/2015,9:11:00 PM,4.037
10/27/2015,9:41:00 PM,4.037
10/27/2015,10:11:00 PM,4.037
10/27/2015,10:41:00 PM,4.037
10/27/2015,11:11:00 PM,4.063
10/27/2015,11:41:00 PM,4.063
10/28/2015,12:11:00 AM,4.063
10/28/2015,12:41:00 AM,4.089
10/28/2015,1:11:00 AM,4.089
10/28/2015,1:41:00 AM,4.089
10/28/2015,2:11:00 AM,4.115
10/28/2015,2:41:00 AM,4.115
10/28/2015,3:11:00 AM,4.115
10/28/2015,3:41:00 AM,4.141
10/28/2015,4:11:00 AM,4.141
10/28/2015,4:41:00 AM,4.141
10/28/2015,5:11:00 AM,4.141
10/28/2015,5:41:00 AM,4.141
10/28/2015,6:11:00 AM,4.141
10/28/2015,6:41:00 AM,4.141
10/28/2015,7:11:00 AM,4.141
10/28/2015,7:41:00 AM,4.141
10/28/2015,8:11:00 AM,4.141
10/28/2015,8:41:00 AM,4.141
10/28/2015,9:11:00 AM,4.141
10/28/2015,9:41:00 AM,4.141
10/28/2015,10:11:00 AM,4.141
10/28/2015,10:41:00 AM,4.141
10/28/2015,11:11:00 AM,4.141
10/28/2015,11:41:00 AM,4.168
10/28/2015,12:11:00 PM,4.22
10/28/2015,12:41:00 PM,4.298
10/28/2015,1:11:00 PM,4.402
10/28/2015,1:41:00 PM,4.506
10/28/2015,2:11:00 PM,4.61
10/28/2015,2:41:00 PM,4.714
10/28/2015,3:11:00 PM,4.792
10/28/2015,3:41:00 PM,4.895
10/28/2015,4:11:00 PM,4.973
10/28/2015,4:41:00 PM,5.024
10/28/2015,5:11:00 PM,5.102
10/28/2015,5:41:00 PM,5.154
10/28/2015,6:11:00 PM,5.179
10/28/2015,6:41:00 PM,5.179
10/28/2015,7:11:00 PM,5.179
10/28/2015,7:41:00 PM,5.128
10/28/2015,8:11:00 PM,5.102
10/28/2015,8:41:00 PM,5.076
10/28/2015,9:11:00 PM,5.05
10/28/2015,9:41:00 PM,5.024
10/28/2015,10:11:00 PM,5.024
10/28/2015,10:41:00 PM,4.999
10/28/2015,11:11:00 PM,4.947
10/28/2015,11:41:00 PM,4.895
10/29/2015,12:11:00 AM,4.818
10/29/2015,12:41:00 AM,4.74
10/29/2015,1:11:00 AM,4.662
10/29/2015,1:41:00 AM,4.584
10/29/2015,2:11:00 AM,4.506
10/29/2015,2:41:00 AM,4.428
10/29/2015,3:11:00 AM,4.376
10/29/2015,3:41:00 AM,4.298
10/29/2015,4:11:00 AM,4.246
10/29/2015,4:41:00 AM,4.168
10/29/2015,5:11:00 AM,4.115
10/29/2015,5:41:00 AM,4.037
10/29/2015,6:11:00 AM,3.958
10/29/2015,6:41:00 AM,3.906
10/29/2015,7:11:00 AM,3.827
10/29/2015,7:41:00 AM,3.775
10/29/2015,8:11:00 AM,3.722
10/29/2015,8:41:00 AM,3.67
10/29/2015,9:11:00 AM,3.617
10/29/2015,9:41:00 AM,3.564
10/29/2015,10:11:00 AM,3.512
10/29/2015,10:41:00 AM,3.485
10/29/2015,11:11:00 AM,3.459
10/29/2015,11:41:00 AM,3.459
10/29/2015,12:11:00 PM,3.512
10/29/2015,12:41:00 PM,3.538
10/29/2015,1:11:00 PM,3.591
10/29/2015,1:41:00 PM,3.67
10/29/2015,2:11:00 PM,3.722
10/29/2015,2:41:00 PM,3.775
10/29/2015,3:11:00 PM,3.88
10/29/2015,3:41:00 PM,3.958
10/29/2015,4:11:00 PM,4.037
10/29/2015,4:41:00 PM,4.089
10/29/2015,5:11:00 PM,4.141
10/29/2015,5:41:00 PM,4.141
10/29/2015,6:11:00 PM,4.168
10/29/2015,6:41:00 PM,4.141
10/29/2015,7:11:00 PM,4.141
10/29/2015,7:41:00 PM,4.141
10/29/2015,8:11:00 PM,4.141
10/29/2015,8:41:00 PM,4.141
10/29/2015,9:11:00 PM,4.168
10/29/2015,9:41:00 PM,4.194
10/29/2015,10:11:00 PM,4.22
10/29/2015,10:41:00 PM,4.246
10/29/2015,11:11:00 PM,4.246
10/29/2015,11:41:00 PM,4.272
10/30/2015,12:11:00 AM,4.272
10/30/2015,12:41:00 AM,4.272
10/30/2015,1:11:00 AM,4.272
10/30/2015,1:41:00 AM,4.246
10/30/2015,2:11:00 AM,4.246
10/30/2015,2:41:00 AM,4.246
10/30/2015,3:11:00 AM,4.22
10/30/2015,3:41:00 AM,4.194
10/30/2015,4:11:00 AM,4.168
10/30/2015,4:41:00 AM,4.141
10/30/2015,5:11:00 AM,4.115
10/30/2015,5:41:00 AM,4.063
10/30/2015,6:11:00 AM,4.037
10/30/2015,6:41:00 AM,3.985
10/30/2015,7:11:00 AM,3.958
10/30/2015,7:41:00 AM,3.932
10/30/2015,8:11:00 AM,3.88
10/30/2015,8:41:00 AM,3.854
10/30/2015,9:11:00 AM,3.827
10/30/2015,9:41:00 AM,3.775
10/30/2015,10:11:00 AM,3.749
10/30/2015,10:41:00 AM,3.722
10/30/2015,11:11:00 AM,3.696
10/30/2015,11:41:00 AM,3.696
10/30/2015,12:11:00 PM,3.696
10/30/2015,12:41:00 PM,3.696
10/30/2015,1:11:00 PM,3.696
10/30/2015,1:41:00 PM,3.696
10/30/2015,2:11:00 PM,3.722
10/30/2015,2:41:00 PM,3.722
10/30/2015,3:11:00 PM,3.722
10/30/2015,3:41:00 PM,3.722
10/30/2015,4:11:00 PM,3.696
10/30/2015,4:41:00 PM,3.696
10/30/2015,5:11:00 PM,3.67
10/30/2015,5:41:00 PM,3.617
10/30/2015,6:11:00 PM,3.564
10/30/2015,6:41:00 PM,3.512
10/30/2015,7:11:00 PM,3.459
10/30/2015,7:41:00 PM,3.406
10/30/2015,8:11:00 PM,3.327
10/30/2015,8:41:00 PM,3.274
10/30/2015,9:11:00 PM,3.221
10/30/2015,9:41:00 PM,3.168
10/30/2015,10:11:00 PM,3.116
10/30/2015,10:41:00 PM,3.089
10/30/2015,11:11:00 PM,3.036
10/30/2015,11:41:00 PM,2.983
10/31/2015,12:11:00 AM,2.93
10/31/2015,12:41:00 AM,2.877
10/31/2015,1:11:00 AM,2.823
10/31/2015,1:41:00 AM,2.77
10/31/2015,2:11:00 AM,2.717
10/31/2015,2:41:00 AM,2.69
10/31/2015,3:11:00 AM,2.637
10/31/2015,3:41:00 AM,2.61
10/31/2015,4:11:00 AM,2.584
10/31/2015,4:41:00 AM,2.557
10/31/2015,5:11:00 AM,2.503
10/31/2015,5:41:00 AM,2.477
10/31/2015,6:11:00 AM,2.45
10/31/2015,6:41:00 AM,2.423
10/31/2015,7:11:00 AM,2.396
10/31/2015,7:41:00 AM,2.37
10/31/2015,8:11:00 AM,2.316
10/31/2015,8:41:00 AM,2.289
10/31/2015,9:11:00 AM,2.236
10/31/2015,9:41:00 AM,2.182
10/31/2015,10:11:00 AM,2.128
10/31/2015,10:41:00 AM,2.074
10/31/2015,11:11:00 AM,2.021
10/31/2015,11:41:00 AM,1.967
10/31/2015,12:11:00 PM,1.94
10/31/2015,12:41:00 PM,1.913
10/31/2015,1:11:00 PM,1.886
10/31/2015,1:41:00 PM,1.886
10/31/2015,2:11:00 PM,1.913
10/31/2015,2:41:00 PM,1.913
10/31/2015,3:11:00 PM,1.94
10/31/2015,3:41:00 PM,1.94
10/31/2015,4:11:00 PM,1.967
10/31/2015,4:41:00 PM,1.967
10/31/2015,5:11:00 PM,1.967
10/31/2015,5:41:00 PM,1.94
10/31/2015,6:11:00 PM,1.913
10/31/2015,6:41:00 PM,1.886
10/31/2015,7:11:00 PM,1.832
10/31/2015,7:41:00 PM,1.778
10/31/2015,8:11:00 PM,1.724
10/31/2015,8:41:00 PM,1.643
10/31/2015,9:11:00 PM,1.588
10/31/2015,9:41:00 PM,1.561
10/31/2015,10:11:00 PM,1.507
10/31/2015,10:41:00 PM,1.453
10/31/2015,11:11:00 PM,1.398
10/31/2015,11:41:00 PM,1.344
11/1/2015,12:11:00 AM,1.289
11/1/2015,12:41:00 AM,1.235
11/1/2015,1:11:00 AM,1.153
11/1/2015,1:41:00 AM,1.099
11/1/2015,2:11:00 AM,1.044
11/1/2015,2:41:00 AM,0.962
11/1/2015,3:11:00 AM,0.907
11/1/2015,3:41:00 AM,0.852
11/1/2015,4:11:00 AM,0.77
11/1/2015,4:41:00 AM,0.715
11/1/2015,5:11:00 AM,0.66
11/1/2015,5:41:00 AM,0.605
11/1/2015,6:11:00 AM,0.577
11/1/2015,6:41:00 AM,0.577
11/1/2015,7:11:00 AM,0.55
11/1/2015,7:41:00 AM,0.522
11/1/2015,8:11:00 AM,0.522
11/1/2015,8:41:00 AM,0.495
11/1/2015,9:11:00 AM,0.495
11/1/2015,9:41:00 AM,0.495
11/1/2015,10:11:00 AM,0.495
11/1/2015,10:41:00 AM,0.495
11/1/2015,11:11:00 AM,0.467
11/1/2015,11:41:00 AM,0.467
11/1/2015,12:11:00 PM,0.495
11/1/2015,12:41:00 PM,0.495
11/1/2015,1:11:00 PM,0.495
11/1/2015,1:41:00 PM,0.522
11/1/2015,2:11:00 PM,0.577
11/1/2015,2:41:00 PM,0.632
11/1/2015,3:11:00 PM,0.687
11/1/2015,3:41:00 PM,0.742
11/1/2015,4:11:00 PM,0.797
11/1/2015,4:41:00 PM,0.852
11/1/2015,5:11:00 PM,0.88
11/1/2015,5:41:00 PM,0.934
11/1/2015,6:11:00 PM,0.934
11/1/2015,6:41:00 PM,0.934
11/1/2015,7:11:00 PM,0.934
11/1/2015,7:41:00 PM,0.934
11/1/2015,8:11:00 PM,0.934
11/1/2015,8:41:00 PM,0.934
11/1/2015,9:11:00 PM,0.934
11/1/2015,9:41:00 PM,0.962
11/1/2015,10:11:00 PM,0.962
11/1/2015,10:41:00 PM,0.989
11/1/2015,11:11:00 PM,0.989
11/1/2015,11:41:00 PM,0.962
11/2/2015,12:11:00 AM,0.962
11/2/2015,12:41:00 AM,0.962
11/2/2015,1:11:00 AM,0.989
11/2/2015,1:41:00 AM,0.989
11/2/2015,2:11:00 AM,1.017
11/2/2015,2:41:00 AM,1.044
11/2/2015,3:11:00 AM,1.071
11/2/2015,3:41:00 AM,1.099
11/2/2015,4:11:00 AM,1.099
11/2/2015,4:41:00 AM,1.099
11/2/2015,5:11:00 AM,1.099
11/2/2015,5:41:00 AM,1.099
11/2/2015,6:11:00 AM,1.071
11/2/2015,6:41:00 AM,1.044
11/2/2015,7:11:00 AM,1.044
11/2/2015,7:41:00 AM,1.017
11/2/2015,8:11:00 AM,0.989
11/2/2015,8:41:00 AM,0.962
11/2/2015,9:11:00 AM,0.934
11/2/2015,9:41:00 AM,0.907
11/2/2015,10:11:00 AM,0.88
11/2/2015,10:41:00 AM,0.852
11/2/2015,11:11:00 AM,0.852
11/2/2015,11:41:00 AM,0.825
11/2/2015,12:11:00 PM,0.825
11/2/2015,12:41:00 PM,0.852
11/2/2015,1:11:00 PM,0.88
11/2/2015,1:41:00 PM,0.934
11/2/2015,2:11:00 PM,0.989
11/2/2015,2:41:00 PM,1.044
11/2/2015,3:11:00 PM,1.099
11/2/2015,3:41:00 PM,1.153
11/2/2015,4:11:00 PM,1.208
11/2/2015,4:41:00 PM,1.235
11/2/2015,5:11:00 PM,1.289
11/2/2015,5:41:00 PM,1.317
11/2/2015,6:11:00 PM,1.344
11/2/2015,6:41:00 PM,1.344
11/2/2015,7:11:00 PM,1.371
11/2/2015,7:41:00 PM,1.371
11/2/2015,8:11:00 PM,1.371
11/2/2015,8:41:00 PM,1.398
11/2/2015,9:11:00 PM,1.398
11/2/2015,9:41:00 PM,1.425
11/2/2015,10:11:00 PM,1.425
11/2/2015,10:41:00 PM,1.453
11/2/2015,11:11:00 PM,1.48
11/2/2015,11:41:00 PM,1.48
11/3/2015,12:11:00 AM,1.507
11/3/2015,12:41:00 AM,1.507
11/3/2015,1:11:00 AM,1.48
11/3/2015,1:41:00 AM,1.48
11/3/2015,2:11:00 AM,1.453
11/3/2015,2:41:00 AM,1.425
11/3/2015,3:11:00 AM,1.371
11/3/2015,3:41:00 AM,1.344
11/3/2015,4:11:00 AM,1.317
11/3/2015,4:41:00 AM,1.262
11/3/2015,5:11:00 AM,1.18
11/3/2015,5:41:00 AM,1.099
11/3/2015,6:11:00 AM,1.017
11/3/2015,6:41:00 AM,0.907
11/3/2015,7:11:00 AM,0.825
11/3/2015,7:41:00 AM,0.77
11/3/2015,8:11:00 AM,0.715
11/3/2015,8:41:00 AM,0.687
11/3/2015,9:11:00 AM,0.66
11/3/2015,9:41:00 AM,0.632
11/3/2015,10:11:00 AM,0.632
11/3/2015,10:41:00 AM,0.605
11/3/2015,11:11:00 AM,0.605
11/3/2015,11:41:00 AM,0.632
11/3/2015,12:11:00 PM,0.632
11/3/2015,12:41:00 PM,0.66
11/3/2015,1:11:00 PM,0.687
11/3/2015,1:41:00 PM,0.715
